62206703     32245343     611044           95558        5641681    222594        421          6.6
77401927     61320289     822194           98898        10910837   595585        1392        6.1
344672658    271884884    5371884         1253294     49628843   2782476      5392        7.6
231536106    173069386    3239546         325881       31584329   1777599      4372        7.0
212658828    152965489    3100104         251128       28182710   1588984      4285        6.8
1222008914  1254822100  21562804        647512       228200750  8455056      5044        15.6
932484581    1132190670  8591598         507549       196773155  7610639      7147        12.5
241069403    148143290    3745890         320577       27384544   1614852      4325        7.4
253961868    195947891    3399113         331988       36069348   1980045      4322        7.7
142030480    91300650     2026211         242980       17269376   1010190      3651        6.5
90317329     51421629     1309714         146585       9332184    492279        1511        6.2
293537472    224121684    3964357         379418       41137776   1981583      3386        7.9
152375844    87466914     2407584         233461       16182812   1157572      4261        6.8
230788333    176914909    3140747         246111       32218365   1961432      4291        7.1
227245599    179907481    2971871         239749       32090875   1989269      4303        6.9
239118128    153488702    3564880         356415       29057259   1418521      4273        7.3
240639101    166761564    3522072         312192       30593580   1905324      4423        7.1
304294869    251233632    3979638         317133       45150730   2795179      4337        7.7
179142503    119736558    2607582         309936       22149522   1264077      4296        6.6
276440266    238014451    3541296         296048       43122434   2427869      4304        7.9
133542213    78282216     2081938         206218       14472246   943371        4265        6.1
153858563    88004978     2452317         229737       16235177   1095669      4262        6.4
222668538    173667928    2843418         247543       32294656   1908324      4307        6.6
877888691    1022125755  13816954        416593       183360209  6518182      4320        13.8
601220955    657426826    9114659         445201       123306930  4399336      4482        10.2
370976291    352450241    4194314         427268       65120028   3050213      4285        8.3
524887355    577891367    5532471         361262       100113349  4979241      4304        9.2
231207486    164561980    3434315         301533       30276525   1811942      4261        7.2
45461057     28434736     575846           93386        4991037    224017        1004        6.0
186996054    123303068    2719035         256415       22741791   1479032      4295        6.9
139657504    77072309     2163158         250710       14221113   954158        4267        6.5
151429723    89379331     2393806         213613       16482168   1055118      4300        6.7
407924450    416095300    4669296         292964       75659292   3485367      4418        8.4
209716373    136152917    3124565         304361       25165788   1573411      4323        7.3
161499206    102955764    2349335         232805       19019467   1185556      4307        6.6
132134277    74596426     2082657         208287       13882734   882923        4271        6.6
145085386    91547931     2216735         197208       16738116   1134186      4298        6.5
162411861    105634836    2414158         236628       19386286   1248664      4339        6.7
189828537    139791821    2588918         249297       25155950   1567909      4292        7.4
114202391    73476191     1623694         187705       13477467   816843        2638        6.3
106579116    74809199     1259066         193069       13714771   633618        1046        6.2
135789562    80469860     2124356         192180       15015806   814264        3202        11.9
257508440    235748043    3284702         311003       42746891   1972235      3426        7.1
144563250    83244193     2210933         254220       15559261   972849        4281        6.7
180829271    126094230    2722601         238314       23269862   1158018      4284        6.6
149394567    80825200     2118968         224555       14978086   850469        4300        7.4
121977402    71906911     1862775         191306       13406360   853422        4260        6.4
131424366    80514123     1929479         182572       14892459   961489        4268        6.4
131399213    73637298     2065387         214910       13666735   849391        4275        6.7
132875382    79225807     1985879         202043       14741432   873191        4278        6.6
225579123    156256073    3250629         289709       28836667   1636522      4383        7.4
162124298    106663906    2354652         258364       19649111   1142073      4299        6.6
129210853    74254285     2038006         208115       13766756   841597        4289        6.4
128413074    76531578     1983113         186789       14237280   840631        4272        6.7
175018725    108324870    2493550         232154       20217587   1166414      4310        7.0
57003329     34011177     697815           103574       6007559    275931        1004        6.1
193699443    127569442    3058700         265041       24120159   1343089      4275        6.8
122736916    70208568     1866406         196461       13066507   774445        4281        6.6
117595200    66501952     1884181         179993       12400111   736036        4269        6.5
178254590    119366683    2349111         200629       21985492   1340706      4278        7.6
130353011    76533991     1957415         211919       14119470   884024        4266        6.6
194449710    156806900    2529921         222580       28304725   1587604      4330        6.7
111218825    65589875     1747670         176927       12218555   724403        4220        6.3
169596306    114192423    2499392         219045       20949435   1216635      4341        7.0
156086049    116911990    2234128         227786       21355910   1191448      4325        6.9
223514363    173559241    3258617         315453       31280927   1682921      4333        7.5
181808428    137269903    2456410         264694       24877979   1380452      4333        7.3
113431243    64977750     1735067         189125       12112805   681563        4269        6.4
144243988    82317588     1978952         184854       15367989   848040        4312        7.2
118078585    78358186     1652368         168871       14289417   828838        3706        6.3
75916139     52185228     948796           135534       9353361    432276        1504        6.2
152784860    134463161    1916710         225387       23998716   1063380      2238        6.8
128750676    76612190     1946260         203439       14384080   814833        4273        6.4
794583673    897201123    10632544        436681       165613762  6470545      5473        12.9
174142298    120571022    2398746         294853       21935469   1253077      4325        7.1
190143769    143050254    2572745         282182       26182114   1504194      4321        7.2
120864561    73244118     1758916         210462       13756795   725264        4285        6.6
162939342    109808439    2371860         249766       20107557   1091255      4329        7.0
129576137    73071297     1982173         197745       13607272   842607        4276        6.4
126320752    74497806     1980418         182503       13772213   803604        4312        6.4
167710383    120351490    2388330         220500       22071116   1336711      4306        6.7
126976466    75889269     1936659         224890       14133477   832683        4270        6.6
51281387     31213278     620221           89020        5502060    230867        1006        6.1
421416622    434551890    4837276         334348       77078393   3759230      4372        9.1
182922800    134998790    2535285         274532       24912884   1224953      4354        7.0
170207090    102849791    2788476         240401       19350528   1195632      4284        6.8
139623811    84508134     2088644         217118       15676794   918060        4307        6.4
147760674    98742110     2117627         211846       18477892   1000947      4329        6.3
125465246    72169465     1961228         212584       13372589   774609        4299        6.1
131477399    82571568     2037502         207507       15174108   862799        4301        6.7
123727012    64561831     1761276         168986       12054905   664079        4289        6.4
274975666    105429457    1650391         162530       22524853   635588        4277        6.9
197353814    166021002    2427036         211005       30080960   1789765      4271        7.3
111406050    63153087     1733444         189503       11821031   647724        4290        6.6
152173386    111055451    1942352         200520       20103896   1223098      4286        6.5
160700328    113785447    2168790         244154       21157362   1181773      4276        6.4
138333414    89560729     1964346         214767       16474290   992386        4283        6.8
130658776    78285179     2029165         205703       14438577   838824        4318        6.7
128996012    82362609     1845827         180136       15273899   924108        4294        6.8
128632580    71614271     1910694         202840       13262369   833605        4289        6.3
124399656    68857533     1776960         184767       12923166   747429        4288        6.6
112442301    64442186     1784483         178601       12076365   701613        4293        6.3
372514909    359901857    4532004         321946       64976054   3006833      4337        6.6
260663665    162048348    4323330         388276       33320504   1592634      4531        8.7
600572509    580592298    7335588         473916       103560902  5464782      4449        7.6
162511780    119172013    2219203         227440       21970291   1195837      4288        12.7
156512199    105067958    2182835         250903       19176556   1158405      4298        6.8
246339845    228246945    2896208         267125       42006686   2036543      4266        6.8
57114883     30379018     721425           116786       5312034    264192        1010        7.4
157843419    112707634    2202748         215605       20732775   1169096      4229        6.2
264020882    255355442    2970920         246323       47931590   2022025      4307        6.3
113457999    64432761     1797889         211577       12000645   677106        4304        8.1
130273644    81990442     1973460         213297       15169668   778805        4350        6.4
173443492    115752583    2101487         213322       21418798   1177083      4302        6.9
159140422    88932155     2624148         253783       16874456   1018821      4291        7.0
109055037    62935002     1687971         187760       11737928   704599        4287        6.8
143177147    94517581     1978830         223394       17859891   946349        4315        6.1
109552867    61299684     1679499         185267       11468382   659707        3869        6.6
272745095    95315115     1212422         134244       20699439   455994        2590        6.4
102792361    50437904     1035907         120732       9592298    398770        2119        7.0
92599210     53402557     1374234         144376       9754744    533561        2717        6.1
115798397    71518264     1712608         194567       13375061   693657        4152        6.3
136420480    83869417     2009914         225567       15817939   856575        4298        6.4
156665693    110137822    2445704         268193       20133370   1003451      4346        6.5
128258352    74262895     1925733         212835       13850622   906611        4245        6.7
369379276    393490575    4260536         252016       70476836   3203204      4322        6.2
114409791    61059613     1739396         223342       11417057   642291        4287        8.2
120037918    71371837     1846458         193200       13219255   730330        4328        6.6
153581678    93784180     2260203         242365       17368427   926483        4357        6.4
355168223    370534653    4413630         281108       67448784   2833122      5016        7.0
344396301    351946531    3754524         405356       63907006   2745560      4458        8.6
384039895    358088743    4594901         317731       64996170   3258348      4348        8.4
171124911    139742748    2309717         297064       25472744   1225661      4415        8.2
514822280    599207430    5742423         335578       104992650  4579153      5711        6.8
137941106    86290407     2088664         280983       15864892   811732        4342        9.7
74722833     38702969     791143           114886       6910152    288628        1029        7.0
110452523    60387216     1750194         179815       11206400   668966        4306        7.1
112426419    68717780     1702494         175751       12672426   703013        4306        6.4
319226877    346618531    3458895         390463       61238572   2749874      4567        6.6
135124220    75390818     1918761         232674       14058363   771202        4321        8.0
110255394    65882132     1680690         171420       12406239   674708        4316        6.5
484324271    567813980    5353304         355556       100732716  4084469      5051        6.4
142646589    94773254     2065319         252989       17470439   980207        4335        9.5
146100633    79245848     2504531         220532       15044372   883449        4309        6.5
92432416     52724190     1447573         144874       9741491    549559        3684        6.8
64104427     38302379     863311           126915       6917732    328180        1490        6.1
124352984    100919285    1771068         229469       18118813   676585        3278        6.2
184400515    152557976    2272405         237464       26845412   1432912      4308        6.8
107835215    62636467     1652446         189925       11856277   642711        4300        6.9
119126422    68743442     1812843         198966       12771663   712216        4311        6.4
123838390    74235498     1746404         197210       13892507   788095        4303        6.7
166642692    126187359    2221286         216918       23092430   1173245      4281        6.7
155275983    94423752     1985954         233910       17708129   798102        4365        6.8
103451700    57467618     1636005         167841       10756128   619776        4304        7.0
106011506    58446574     1653833         156907       10873898   657332        4298        6.5
165531061    109967935    2281184         205194       20351600   1202174      4304        6.6
102817236    60117159     1612132         195285       11229993   629146        4321        7.0
152026346    87951432     2109357         221957       16335083   999210        4334        6.6
144507486    104546572    1908560         208925       18985704   1080647      4315        7.9
125280572    84481892     1927061         200045       15557591   761527        4377        6.5
181199553    120190014    2554322         262614       22173448   1124873      4308        7.0
121940890    74643048     1853000         227291       13814965   699098        4338        7.4
43474961     28116938     542195           74061        4957469    217319        1012        7.0
203223945    157582700    2435818         275325       28989205   1145271      4461        5.9
139553004    103995647    1904759         200853       19133503   1039536      4298        7.8
107812541    59563709     1678328         182084       11148383   661220        4305        7.0
133835969    84071674     1864437         202153       15623605   776042        4346        6.6
147065333    85861715     1888709         192896       16049784   913345        4331        7.0
273164203    249196253    3135814         270068       44214430   2368041      4370        6.7
188405551    156110456    2517160         299322       28375658   1241878      4481        7.7
119928640    68476153     1764054         211206       12733944   750455        4309        7.9
144131461    102390954    2006340         230494       18803584   841754        4373        6.5
155110654    91555829     2530657         223522       16969521   1026992      4309        7.0
115137552    77100713     1760255         178675       14306376   705991        4345        7.0
111177014    66919210     1713394         178849       12426232   644100        4310        6.9
99946679     56636385     1538591         136981       10545554   580142        4299        6.9
115119096    76328737     1776185         172215       14055609   691827        4325        6.2
116507615    119929043    1394254         200553       21485063   650881        2710        6.8
136008547    92751043     1497787         184267       16695427   725853        2154        6.6
70511385     44088831     954361           116684       7972094    375769        2060        7.6
103480207    56441416     1266352         139183       10300993   542802        2522        6.2
815518357    693362240    8047442         2158213     149283928  1420262      3373        6.9
106187273    58122822     1619741         209934       10836720   611145        4300        8.5
125063297    77982534     1906073         199066       14367426   729488        4350        6.5
182805494    147493191    2377988         229570       26559526   1511368      4331        7.1
121993543    73977064     1758615         193979       13676173   796645        4309        7.3
120637666    73216274     1736701         178257       13645252   774498        4294        6.4
126445501    90356420     1885081         199758       16557223   758264        4380        6.6
162850115    121155060    2163669         223794       22277483   1196040      4343        6.9
61886796     34281526     765502           116163       6072885    289407        1013        7.0
169870065    116636959    2440220         250292       21512184   993001        4318        6.5
114417648    81621904     1681924         176829       15108495   673521        4356        7.3
169398745    121971699    2440577         280010       22226805   1131617      4419        6.6
128434731    79411937     1913040         224004       14709057   762337        4345        7.8
138978439    94108774     1892879         194908       17240069   980192        4337        7.0
132051243    77356378     1931562         215889       14409172   837565        4324        7.0
105713590    60728168     1666295         175963       11279685   622326        4320        6.9
127412658    78075284     1821949         179978       14435606   883334        4334        6.6
121761355    84325142     1829999         196735       15528930   712270        4362        6.7
163608853    111229371    2260118         247394       20212799   1148417      4350        7.2
185581948    134468831    2369654         291702       25229040   1318247      4354        7.6
124180002    81724686     1878353         240125       15127286   721678        4361        7.0
258022810    208234823    3398581         265259       38069199   2175390      4317        7.0
133984226    69219132     1842510         223320       12956280   694015        4331        7.7
118038987    74262972     1720343         168004       13684169   791323        4309        8.0
432341413    479467144    5036745         360968       84466563   3704724      4441        6.3
108169272    57561234     1640392         208652       10720356   608207        4305        9.3
210851026    186871436    2574607         205653       33313455   1855204      4315        6.6
123552749    74624096     1808526         214263       13840373   792346        4311        7.2
143379236    112245223    1946351         217124       20395499   954479        4398        6.7
113941022    68573838     1710314         204194       12728048   699175        4309        6.9
112942493    62939862     1763598         193760       11749682   680941        4315        6.5
316408031    287916806    3652525         280778       51686729   3029510      4321        6.7
123270494    79084474     1816256         231305       14617281   712755        4349        7.9
359640048    354182382    4213168         268811       64165219   3261339      4357        7.0
51335495     29903684     642034           104216       5208660    235441        1013        8.5
125878481    80030691     1817233         197762       14764250   830137        4340        6.1
165169250    105292432    2097919         202842       19490988   1055110      3868        6.9
86158861     51123817     1234841         168907       9449231    476881        2604        6.9
577131365    658793298    6093301         317304       116667737  5384767      1654        6.4
164774081    126720346    2073456         267788       22983420   1306819      4358        9.5
154905094    108167589    2166097         281887       20101764   970327        4380        6.6
134726898    104373115    1884988         226404       19082946   779757        4426        7.3
123187344    83263954     1806798         198154       15407738   701517        4378        6.8
139722365    88329511     2036990         272694       16483339   904910        4338        6.9
124899142    64091420     1753190         206051       11959395   646376        4336        6.7
154169162    118169440    2061619         191310       21659432   1239862      4323        7.5
123842212    78169306     1898028         238269       14514102   735102        4362        6.7
115710932    69306356     1727868         202993       12765957   662621        4345        7.1
162645629    118171535    2200437         251150       21389246   1205520      4382        6.8
108368687    57759212     1649565         186043       10775862   607164        4320        7.2
139714663    75656146     2386263         188621       14246526   851642        4315        6.7
108870818    60265486     1692400         176712       11291952   626462        4314        7.1
120139172    68883994     1691490         177073       12850626   661712        4329        6.9
115494558    71599305     1785535         188345       13271245   693526        4352        6.6
131798564    76283138     1886387         226449       14206277   825774        4324        7.1
130749168    83490142     1899856         217388       15335400   788394        4357        7.2
121597674    81649782     1784588         202631       15123023   741168        4365        7.0
129741109    74196921     1813557         197912       13796269   687091        4363        6.8
113023353    65236192     1709431         186717       12236831   671176        4317        7.5
140224548    103038997    2246730         270317       18649866   783791        4427        6.8
104986572    57699427     1611680         174594       10812575   608425        4319        7.0
51445377     31680969     661543           95774        5681461    250184        1013        6.7
114734451    70787167     1688973         183242       13096498   701581        4345        6.4
112473649    66110757     1680983         187091       12384114   696180        4327        6.7
101384255    56829612     1560892         161419       10591230   583418        4318        6.6
121762609    66892361     1635168         175888       12843689   634703        4321        6.3
113955286    67022607     1743919         188895       12489793   675044        4332        6.7
289454104    146241903    2332502         261334       28950960   904623        4380        6.5
180343355    135995721    2299283         233077       24816719   1546650      4320        8.8
100005774    55517639     1557419         183706       10451250   580742        4315        7.0
118181588    82990662     1763162         177840       15253340   679633        4393        6.5
110783093    67312989     1664688         190523       12552191   674695        4323        6.6
101296107    56544341     1562097         162413       10578229   582494        4323        6.5
97702618     57093548     1546475         147612       10692772   583257        4322        6.2
108512217    61567692     1676651         171591       11481990   632351        4330        6.5
150594129    109462661    2073583         212696       20181147   986511        4396        6.4
117955643    78246071     1761667         222245       14493085   693656        4372        7.1
116871315    73262651     1819116         208830       13789993   760030        3755        6.6
235245410    261975300    2332661         189978       44836671   2158218      2611        6.4
123437136    90841046     1716876         183497       16371093   845095        1030        7.3
150083336    107399691    2003905         248970       19545405   1087829      3829        6.6
129081589    82614773     1785867         207575       14997369   846439        3945        6.4
104293019    58589004     1597396         184195       10934146   600175        4324        6.3
119598257    67664702     1801030         195634       12674512   743973        4321        6.2
113569108    70572384     1725630         180827       13058773   660840        4346        6.8
145231838    109787193    1876540         224232       20083205   1008960      4358        6.5
135911985    100233279    1901764         234639       18489608   851978        4401        6.8
251164330    208892525    2921864         284791       38736102   2014748      4326        6.9
50552233     29936860     618262           100380       5226530    230494        1016        7.2
182001567    134047331    2219321         263862       24618623   1286670      4373        5.8
127562346    69747057     1838221         224781       13107598   687865        4311        7.7
114545859    71258496     1697963         177924       13181904   701742        4348        7.0
113781081    73880118     1723225         186367       13634797   653106        4350        6.7
113335012    63239940     1711096         199093       11819815   678629        4328        6.8
127594058    88954314     1789154         195186       16319685   870892        4328        6.6
125165360    77890885     1795757         195810       14505892   829989        4330        6.3
165045847    119559026    2229890         245840       22172117   984491        4340        6.9
132215135    83836947     1776544         195982       15523733   927018        4325        6.7
130739800    85936684     1883960         224892       15773539   824191        4345        6.4
99473814     55971160     1500528         160251       10440304   563600        4326        6.7
113949622    74172151     1736654         179449       13751975   665459        4351        6.0
153062234    108502098    2099136         224275       20033519   1180544      4341        6.5
130752648    96304725     1943825         214360       17682044   764477        4415        7.0
106925679    58987998     1652085         186205       10961582   622489        4321        6.9
110669629    67200113     1700617         183061       12468737   648868        4340        6.6
102146054    61483053     1586842         158513       11554249   606061        4320        6.6
107277379    63938415     1655719         168254       11932650   625937        4342        6.5
107508360    65309058     1628769         154951       12130051   631131        4347        6.6
1320872242  1457152064  13815991        570617       305768129  5323076      7035        6.6
1159184593  1751029949  12977153        1159038     292876437  6153171      10121       17.6
112121887    65467082     1644929         220480       12196697   626349        4324        16.3
125394397    72121986     1621097         173225       13497444   735375        4336        6.5
115474859    63246619     1780864         194625       11750533   665665        4325        7.3
200565743    173041227    2590490         247585       31179820   1576227      4370        7.0
52742774     32474872     648941           102206       5732279    246888        1015        7.5
112208766    65990212     1697530         199896       12328329   654378        4333        6.2
128533077    83417476     1772515         192963       15500777   681564        4387        6.6
176267187    173151719    2430181         370095       31142183   966037        4533        7.3
188747345    198460570    2193213         349638       35671596   1233740      4510        7.4
107340816    59182190     1659101         213078       11107298   607808        4314        7.3
119674447    76932736     1746928         205416       14320233   732836        4341        6.7
130583407    92878918     1810002         217295       16992757   913989        4330        6.8
148223112    103100100    1944989         223149       19354671   1038765      4311        6.2
101579432    66182848     1535633         191825       12321120   591091        3729        6.6
82956775     49666131     1194590         139065       9185335    451075        3109        6.5
145161658    133925692    1581493         203569       24241377   913022        1506        6.1
89089301     46712824     1161937         152873       8683700    424060        2717        6.7
154619059    136799393    1989375         249705       24470954   1099372      3324        6.2
101147274    56355323     1516898         170753       10545387   576831        4325        6.9
216158901    170647293    2663582         237037       31758599   1571309      4345        6.4
158488406    118767116    1946207         220685       20836506   1218073      4326        7.1
224889053    180767604    2724971         288763       32731469   1703392      4415        6.4
124509973    76604974     1791719         224600       14144651   797197        4333        7.4
135401437    90207960     1947876         199265       16673124   989875        4321        6.4
133803813    78357167     1713294         196426       14580099   750206        4337        6.5
324909523    351089566    3625299         268298       61862400   2839030      4336        7.1
128593434    86133538     1761068         230383       16025174   929053        4321        8.1
141540007    85231835     2399159         222461       16073186   876124        4345        6.1
118242564    72868254     1680451         192348       13413374   723645        4331        6.8
197413232    156736245    2593441         287595       28463075   1527729      4342        6.7
113558252    80636137     1654510         182882       14802040   651173        4379        7.0
49251882     29347976     604872           84058        5126798    229764        1015        6.5
102570542    60952937     1604574         154045       11316687   601089        4334        5.8
123579743    80284108     1805577         188446       14922535   797773        4336        6.2
100058514    58360200     1502354         180690       10949408   593863        4322        6.6
123496422    82514243     1784768         195985       15231932   808188        4331        6.1
100412242    56622822     1586043         162122       10702432   592030        4321        6.3
134861865    96487892     1810897         156015       17740257   1048751      4322        6.1
164711418    118972548    2147488         226542       21844503   1326567      4332        6.5
148651837    97492622     1989900         246093       18044924   805029        4403        6.8
163769806    128829664    2068367         193575       23540594   1387135      4317        6.9
118481520    70697079     1811863         214280       13064471   680955        4356        6.8
115070885    67872648     1712939         206324       12681119   708615        4322        6.5
217574926    207819736    2691736         274416       37348884   1649460      4381        6.4
184952643    137301731    2369281         299054       25496023   1164862      4333        7.6
137842453    105270489    1883252         253961       19387053   940376        4373        7.0
129791595    73304075     1745910         202995       13617356   666231        4334        6.5
125344156    86267698     1752127         215048       15810097   757786        4330        7.5
487286456    593119814    5159228         318860       103490521  4256141      5786        6.5
113214515    68812034     1595745         217977       12895728   730280        4315        9.9
149835625    110985726    2024364         258824       20246020   979037        4374        6.5
96649326     56479347     1492511         173962       10576833   568297        4330        6.8
100561829    55645901     1533229         160029       10408895   568066        4313        6.2
157943971    133640252    2131337         278671       24357122   988825        4456        6.4
126882765    78695398     1878850         235463       14613398   747309        4365        7.3
133209856    95883332     1772783         202769       17512349   903520        4384        6.6
134822530    75933645     2279958         193673       14427676   796505        4327        6.5
53360851     30241928     662051           90681        5267495    250334        1018        6.9
107144265    65558046     1645259         179609       12248476   618539        4341        6.3
128922823    97635385     1821823         211568       17794876   745852        4402        6.8
102632007    62040441     1551406         169129       11499311   592756        4338        6.8
105735680    63464764     1624251         152114       11819867   625907        4339        6.5
102393715    55890494     1560133         146540       10562440   583179        4319        6.5
95316743     56132044     1454373         128251       10463824   545097        4230        6.5
99357113     57803426     1540646         139483       10887811   582298        4331        6.4
105667118    63819045     1810940         176608       11751150   581993        4325        6.4
119188146    67714694     1606922         167099       12664948   678950        4342        6.3
143097668    103784533    1924420         218370       19601926   904764        4356        7.1
128681775    77081440     1887391         219492       14533189   780773        4324        6.6
120424370    65980714     1645838         173880       12341614   609541        4346        6.6
102462328    58622306     1570960         164328       10968919   596413        4325        7.1
92805097     55342988     1432877         135947       10411751   550740        4323        6.3
106608055    77750249     1620948         154976       14482207   626380        4362        6.1
143091209    101267278    1842188         225279       19013237   693736        3739        6.3
83256994     50488195     1210046         143867       9374562    471983        3399        6.9
80521861     50485789     1204469         123370       9257157    466693        3180        6.0
92557318     50155091     1374163         195830       9837371    481464        2610        6.1
77078247     48624022     1033636         140536       8893864    457909        2597        6.5
61220731     35598405     823210           105660       6342670    308242        1619        6.2
97619481     48751178     1223219         127010       9153676    451548        2720        6.1
126171658    86749146     1813543         185296       15825550   821948        4359        6.4
111660764    63171220     1706986         180290       11769432   655871        4332        6.6
179931789    189654599    2191443         294516       34287287   1158923      4573        6.7
131694571    90354862     1929350         237209       16641453   774051        4415        7.4
52663686     29930348     646324           92149        5223121    247342        1016        6.9
140827753    84415240     2381646         185041       15836636   853613        4336        6.1
120350717    83764638     1785990         200503       15381242   733319        4394        6.7
369951995    412121405    3949439         295237       72755580   3333286      4380        6.6
230683491    214750198    2723784         281154       38450040   1942804      4354        8.4
149104647    114069510    1997493         255692       20466667   1038752      4396        7.0
114125994    63569157     1657617         187986       11804622   686705        4333        6.7
118663887    62959606     1612018         155865       11839836   621651        4348        6.6
98920029     59662102     1466428         144618       11252435   557762        4325        7.4
104559419    64723560     1589193         153374       12108358   605867        4359        6.4
116535745    74693723     1696602         167797       13629135   784304        4328        6.7
143887157    103757133    1949055         176495       19050474   1123534      4329        6.4
2024765373  2268491581  10435877        463915       514183951  4378402      7251        6.5
951568847    1229291348  7132110         506996       236074308  4875089      6461        23.3
122172354    76129496     1693353         232047       14201617   777911        4345        13.9
281665766    302757570    3172518         310398       55738278   1957319      4432        6.8
113214711    67862689     1653362         218909       12728803   656140        4328        8.2
131543239    103752222    1699393         172371       18970445   983754        4325        6.4
454541041    488450152    4741758         350679       89174948   3770870      4357        6.3
208996131    180501323    2492082         295915       32753083   1664557      4393        8.9
191697025    153249551    2339605         236136       27819096   1667857      4328        7.6
124687148    74574920     1727298         191808       13794787   831723        4329        6.5
146523527    119324008    1964636         246783       21821159   879876        4450        6.7
116046557    59850161     1579921         172359       11321080   602811        4334        7.3
123270601    80283278     1688550         171946       14933009   853016        4329        6.7
152270995    104869877    2129607         199011       19233605   1129603      4354        6.7
54630273     31341154     621380           92158        5472774    237007        1017        6.9
139300653    103164026    1942593         216790       18915910   883677        4411        6.1
344012553    362679643    3887064         268625       64973007   3060582      4420        7.2
171018264    113225813    2266081         264130       21064000   1140069      4356        8.2
121720952    65237988     1601814         187487       12165459   617035        4340        7.1
156697549    91386935     2255194         167941       17416175   928338        3989        7.4
103810648    69396832     1407409         171805       12934556   692841        3117        6.5
71145295     41655490     1013368         107677       7678723    394557        2623        6.8
69423844     39857988     961221           97214        7123563    367587        2420        6.0
99938485     78804571     1332173         150214       14155316   556377        2799        6.0
119630637    80237667     1663410         184956       14756282   777188        4308        6.7
98771306     58936968     1438750         152798       11035583   561935        4327        6.8
95703617     58955152     1440047         134229       11015255   550458        4335        6.3
131328525    95717839     2052785         217907       17437949   830423        4383        6.3
112035081    71653470     1639651         192812       13234874   638448        4358        6.8
125007266    71307139     1669408         170718       13321960   656920        4521        6.8
182772713    163558483    2106341         200860       28248296   1541811      4347        7.5
117226580    70863672     1682366         193741       13127212   728840        4350        7.4
100770772    57291982     1497349         151882       10558432   578747        4234        6.5
130517775    88520460     1780844         173496       16286785   930794        4328        6.8
95307952     58124505     1410887         144442       10928309   546730        4322        6.7
145103538    98610644     1971419         205501       18301438   736387        4316        6.4
154516502    115704598    2037590         210480       21483836   1150788      4354        7.3
99826684     55888322     1477675         162544       10437403   567784        4320        7.3
114557399    75465971     1656244         166925       13939706   660208        4381        6.5
130727207    90846213     1838467         203167       16836216   846074        4372        6.0
126494332    62743104     1698699         186202       11727915   634787        4337        7.1
49050263     29656613     623801           80169        5178155    246325        980          7.0
110210331    58563305     1611778         161323       10952350   611809        4323        8.1
117079595    79687231     1604761         162531       14651248   650753        4327        6.2
122012566    81216018     1702654         178270       15001555   762921        4357        7.1
103260360    58682140     1520078         165718       11030553   583768        4342        6.7
105087606    59696239     1521743         151119       11086066   643871        4324        7.1
97111463     54997489     1474743         143859       10359822   568058        4321        6.8
157299573    109258844    2487566         210657       20307978   962855        4324        6.4
141132432    98686705     1849025         228462       18106730   987049        4341        6.7
102505962    58017346     1503175         159230       10902316   600294        4323        7.1
90566353     54407943     1375282         129243       10178131   530478        4320        7.3
101968504    55556538     1509189         136798       10358770   580135        4323        6.6
107670645    63155602     1534863         160084       11760666   658543        4324        6.4
109869187    70287775     1608492         167087       13039624   639603        4353        6.9
130849559    114160233    1776765         204441       20837270   778441        4452        6.8
123924395    78172858     1693985         228284       14598070   749468        4343        6.7
105064953    60471937     1602748         172994       11368869   609055        4325        7.0
94654359     58889925     1398143         121262       10974442   553782        4321        6.8
184063822    146253079    2322740         264684       26454794   1432159      4357        6.7
99648694     56505123     1478213         166214       10614371   558689        4329        6.5
95865116     54931516     1450394         132903       10282874   550958        4314        7.3
182498271    159401270    2229043         225894       29367905   1258447      4438        6.6
123749860    74542838     1668886         191958       13612761   625920        4363        6.5
102926793    60619390     1507113         161680       11352174   576817        4323        7.2
245355249    216286328    2858487         273165       39204613   1920424      4374        7.0
107749246    62349297     1585878         195368       11652954   647031        4321        6.7
58300926     36263691     692195           98549        6503455    283172        1015        8.0
97114351     58506167     1441632         137399       10962351   560229        4314        6.5
95128240     55088549     1447779         129090       10335453   561775        4317        6.3
138737929    117554346    1817537         207809       21462032   909686        4319        6.4
111028143    63816601     1545332         181573       11820657   682306        4317        6.4
136158580    106231592    1847233         195467       19279138   905732        4366        6.8
111164014    64420024     1618268         186712       11981250   657556        4322        6.7
163642567    125236541    2070941         183104       22848424   1362479      4338        6.8
96855828     69870262     1294576         179218       13076355   577138        2635        6.4
107030993    71046052     971297           148801       12782714   489278        1621        7.2
132411040    73568060     2219524         172748       13973400   811061        4313        6.5
124612316    85822477     1707988         178651       15872046   841101        4325        6.5
108158865    62094991     1562984         174581       11641907   650975        4344        7.0
132439629    95348636     1818575         194780       17619639   868706        4354        6.5
140631421    89321632     1821705         190295       16517140   974052        4336        6.5
121950836    101877103    1694226         216308       18684650   707868        4423        6.6
131389704    92011020     1735442         210851       16904966   878243        4342        6.5
113591471    68366729     1585959         185012       12789042   712218        4336        6.7
154602862    100872450    2210508         245843       18407976   900037        4387        6.6
104551029    62471199     1524080         175542       11619543   635715        4328        6.4
571988097    701676868    4106071         225314       144664338  3034331      4348        7.8
126572957    73508265     1728450         242533       13612721   760122        4340        6.4
326799559    346497447    3597509         209900       61858647   2723083      4369        10.3
100728665    57088495     1477645         194740       10660607   566849        4328        6.8
93289751     54254218     1374349         125329       10153875   531851        4328        9.0
116793345    72275117     1656423         179349       13656730   740444        4327        6.4
146573334    111661775    1988848         239501       20457123   939255        4351        6.4
102467191    77989305     1197465         157253       14138295   471889        1054        6.7
106931606    65054356     1549945         185724       12075902   648107        4338        6.9
499001717    253899625    7421455         653099       60735999   1762571      13148       6.7
327364810    254567068    4220175         440237       48333989   2283848      5432        6.4
100548112    61058113     1460247         204240       11466299   574348        4278        8.7
134181199    94734225     1900065         227451       17420138   893639        4347        8.3
115628325    67690473     1581947         208862       12740931   672206        4336        6.5
114569126    71372049     1593142         176040       13178239   758369        4325        6.9
107865487    59757249     1500573         165199       11355687   569444        4346        6.7
118482912    62778047     1504809         164508       12166731   578845        4349        6.6
97598058     58467911     1477654         141230       10900780   575435        4333        6.7
107677950    70899506     1581175         156179       13110486   618100        4365        6.8
136794736    76373319     2232154         176362       14518921   795938        4329        6.5
125571046    77060176     1748819         206135       14350541   696918        4372        6.7
194154951    131094354    2300900         248024       24620235   1292712      4349        7.1
101385099    63633160     1495212         175414       11854797   591386        4350        7.2
101454890    66515940     1490505         145770       12295428   589045        4362        7.8
145345147    113459108    1854594         193788       20669895   1067963      4385        6.6
105563193    62982972     1517367         176047       11784295   615048        4337        6.6
120606979    90287490     1767199         191877       16696525   726594        4428        6.8
116894663    95410751     1631776         173723       17495996   706613        4432        6.7
93623664     56256269     1363530         148289       10519344   535034        4339        6.5
90859967     54576324     1306935         107904       10340496   522280        4332        6.5
101776640    62095646     1493557         137958       11587544   577531        4340        6.3
102758191    67119521     1528826         139998       12468696   614766        4378        6.1
105907049    61958483     1562978         156839       11501187   610064        4350        6.6
2328544823  5613920971  5492979         1496099     332374935  2283030      1121        6.3
694476842    1499087614  2761810         648729       94681839   1190925      4357        7.0
115952216    65800958     1707655         218332       12890320   598637        4340        28.2
138961665    97059032     1868980         234445       18036403   721839        4340        12.0
101581348    62802686     1484303         162410       11877630   614880        4336        6.6
120327648    95385362     1662016         192657       17472480   691493        4424        6.6
141247749    113139756    1971263         261795       21095950   792226        4458        6.2
133634024    86982845     1785030         221713       16027621   942583        4329        6.9
151845361    125051844    1891647         172803       22531247   1293486      4327        6.9
150750331    121380180    1958039         250171       22062217   1004429      4373        7.2
116120476    66267145     1533884         169730       12357998   595984        4354        6.6
98216869     58374115     1428999         136385       10887957   557049        4334        6.9
101401639    61295051     1499317         152674       11507674   577185        4334        7.3
117608549    85260782     1635386         187028       15793579   703497        4340        6.6
97937876     55724955     1437412         157619       10456255   553865        4325        6.6
137393281    81479410     2209836         150627       15421303   809511        4323        6.9
96987994     57273227     1436297         142085       10806106   560085        4323        6.5
115535784    67748496     1692451         171954       12577147   676238        4347        7.0
374036291    521208869    3745324         1195888     134830676  1113609      2650        6.4
62479183     36845583     800131           110246       6584658    306654        1895        6.9
62091455     45633366     804909           111409       8013541    300804        1044        6.8
88674465     52761741     1261398         129974       9788785    483092        3671        6.0
86172009     52628883     1181331         125197       9774622    460285        2745        6.1
104042340    64565940     1705535         171230       11858717   553723        4333        6.2
174180231    175439646    1987526         289173       31744397   926232        4550        6.3
103203821    69454370     1460884         168903       12844552   593887        4352        6.6
105224257    63631382     1532210         171060       11876326   627722        4325        7.3
63837313     33326635     667561           82822        6048752    253834        1030        6.5
123389965    84472006     1763109         187941       15605253   710514        4333        6.5
102984994    57541313     1404762         139869       10770901   548344        4332        6.3
95426523     58967723     1391918         129566       11110123   551436        4329        6.8
107149405    68180237     1559250         169449       12787939   634613        4334        6.6
147811740    103707756    1898675         200766       19198406   714232        4356        6.1
499646358    519883931    5247251         297784       94691584   4729987      4395        6.3
99959175     57973143     1460096         205140       10858447   571052        4322        7.1
103241780    57741155     1552202         179795       11257433   555905        4349        7.9
114702706    80382467     1644507         184908       14868818   658327        4373        6.3
92030338     54584720     1343896         128167       10195607   530174        4316        6.2
109644604    74534370     1601482         161595       13760959   647728        4318        6.7
111617483    74620927     1498077         157754       13773991   725225        4321        6.3
93484083     54585323     1360169         138614       10231197   533652        4316        6.6
112112548    76773601     1593864         156691       14225328   646246        4356        6.4
102903960    61217292     1493277         158136       11503953   615522        4335        6.0
108114832    62137806     1599552         164816       11569197   618141        4325        6.8
138341890    86158376     2226893         164001       16483981   846161        4318        6.3
104569656    60134754     1501239         157106       11222819   623096        4319        6.8
105971523    66783617     1514264         165252       12459760   595371        4337        6.7
103294669    57660062     1528049         152471       10753366   584193        4318        6.5
95398213     55299993     1405453         126296       10342592   549549        4320        6.5
168849507    148113413    1961836         180135       26335820   1301804      4342        6.4
104252461    69907494     1482474         162929       12992727   600009        4347        6.3
98056107     56800995     1436947         145872       10696409   558508        4330        7.0
95942128     55857887     1391855         127181       10447685   541733        4325        6.3
64902884     33044058     920755           118887       6311044    256428        1015        6.2
90526694     53621362     1336231         124796       10001705   518187        4316        6.5
118079865    65252510     1561320         150789       12248449   591765        4340        5.9
109375843    72785000     1583801         162423       13499701   639816        4367        6.2
114542364    76680334     1664893         175970       14196905   669731        4372        7.0
94724085     56563084     1365683         132397       10546472   540029        4327        6.8
92329013     54405033     1382146         127942       10251716   540975        4320        6.7
108954264    74939291     1566378         153666       13912501   639405        4353        6.3
144866053    107263452    1934016         210792       19972884   774333        4339        6.4
95214739     54933163     1386884         142000       10277621   545068        4317        6.6
142330136    112831081    1901717         206798       20598440   915701        4432        6.7
91365819     54092786     1329507         140352       10143691   523338        4321        6.3
111253656    62677799     1415579         130427       11964319   548875        4328        7.0
341565386    359606545    3531474         210574       64175118   3342764      4331        6.1
101343755    51490358     1533966         204124       9699624    585256        4308        6.5
136654296    110581112    1767241         221370       20056583   858879        4407        7.6
92069565     53884040     1368703         144682       10157778   537286        4319        6.8
97883243     60134361     1431794         136206       11278561   557925        4328        6.9
98053499     58019435     1404589         130113       10904039   539486        4340        6.4
111176926    70026196     1612090         167627       13029869   663104        4324        6.5
156305454    105258441    2340075         165003       20416940   827205        4331        6.4
1777446435  2461116462  19001513        608289       504475971  7268085      4663        6.8
101956302    58595871     1432789         194136       11006470   555760        4314        6.9
101614062    58721897     1473953         160610       11002023   593066        4320        24.4
205536755    147598569    2465052         273588       27657652   1270637      4399        6.5
100095009    57844946     1481748         184854       10807203   582135        4275        6.6
47875371     31171006     601442           77242        5559328    226875        1014        8.1
98414184     56957614     1456943         134956       10714642   566324        4326        6.7
100677901    65679984     1399671         125310       12224648   566098        4323        6.0
121807219    83636652     1918814         213234       15257574   664143        4355        6.4
96191388     54596615     1392036         137221       10233341   540170        4320        6.2
149194501    107780581    1949702         202970       20070109   1074355      4335        6.7
100491511    56263354     1448120         153929       10547695   562186        4329        6.2
108404825    59019384     1404137         134493       11210575   548321        4320        6.6
93425395     54522241     1364615         114338       10187838   534780        4317        6.4
131694108    82061947     1694447         179199       15248790   809404        4338        6.2
96128718     63479021     1398816         143515       12010717   555671        4332        9.4
169423914    156436867    2102561         265416       28589918   896127        4453        7.1
90698032     54262652     1289814         140882       10189973   514469        4172        6.2
93726682     65383928     1228143         139191       11896430   638958        3050        6.9
