cycles         instructions   cache-references  cache-misses  branches     branch-misses  page-faults  Power
62,206,703     32,245,343     611,044           95,558        5,641,681    222,594        421          6.6
77,401,927     61,320,289     822,194           98,898        10,910,837   595,585        1,392        6.1
344,672,658    271,884,884    5,371,884         1,253,294     49,628,843   2,782,476      5,392        7.6
231,536,106    173,069,386    3,239,546         325,881       31,584,329   1,777,599      4,372        7.0
212,658,828    152,965,489    3,100,104         251,128       28,182,710   1,588,984      4,285        6.8
1,222,008,914  1,254,822,100  21,562,804        647,512       228,200,750  8,455,056      5,044        15.6
932,484,581    1,132,190,670  8,591,598         507,549       196,773,155  7,610,639      7,147        12.5
241,069,403    148,143,290    3,745,890         320,577       27,384,544   1,614,852      4,325        7.4
253,961,868    195,947,891    3,399,113         331,988       36,069,348   1,980,045      4,322        7.7
142,030,480    91,300,650     2,026,211         242,980       17,269,376   1,010,190      3,651        6.5
90,317,329     51,421,629     1,309,714         146,585       9,332,184    492,279        1,511        6.2
293,537,472    224,121,684    3,964,357         379,418       41,137,776   1,981,583      3,386        7.9
152,375,844    87,466,914     2,407,584         233,461       16,182,812   1,157,572      4,261        6.8
230,788,333    176,914,909    3,140,747         246,111       32,218,365   1,961,432      4,291        7.1
227,245,599    179,907,481    2,971,871         239,749       32,090,875   1,989,269      4,303        6.9
239,118,128    153,488,702    3,564,880         356,415       29,057,259   1,418,521      4,273        7.3
240,639,101    166,761,564    3,522,072         312,192       30,593,580   1,905,324      4,423        7.1
304,294,869    251,233,632    3,979,638         317,133       45,150,730   2,795,179      4,337        7.7
179,142,503    119,736,558    2,607,582         309,936       22,149,522   1,264,077      4,296        6.6
276,440,266    238,014,451    3,541,296         296,048       43,122,434   2,427,869      4,304        7.9
133,542,213    78,282,216     2,081,938         206,218       14,472,246   943,371        4,265        6.1
153,858,563    88,004,978     2,452,317         229,737       16,235,177   1,095,669      4,262        6.4
222,668,538    173,667,928    2,843,418         247,543       32,294,656   1,908,324      4,307        6.6
877,888,691    1,022,125,755  13,816,954        416,593       183,360,209  6,518,182      4,320        13.8
601,220,955    657,426,826    9,114,659         445,201       123,306,930  4,399,336      4,482        10.2
370,976,291    352,450,241    4,194,314         427,268       65,120,028   3,050,213      4,285        8.3
524,887,355    577,891,367    5,532,471         361,262       100,113,349  4,979,241      4,304        9.2
231,207,486    164,561,980    3,434,315         301,533       30,276,525   1,811,942      4,261        7.2
45,461,057     28,434,736     575,846           93,386        4,991,037    224,017        1,004        6.0
186,996,054    123,303,068    2,719,035         256,415       22,741,791   1,479,032      4,295        6.9
139,657,504    77,072,309     2,163,158         250,710       14,221,113   954,158        4,267        6.5
151,429,723    89,379,331     2,393,806         213,613       16,482,168   1,055,118      4,300        6.7
407,924,450    416,095,300    4,669,296         292,964       75,659,292   3,485,367      4,418        8.4
209,716,373    136,152,917    3,124,565         304,361       25,165,788   1,573,411      4,323        7.3
161,499,206    102,955,764    2,349,335         232,805       19,019,467   1,185,556      4,307        6.6
132,134,277    74,596,426     2,082,657         208,287       13,882,734   882,923        4,271        6.6
145,085,386    91,547,931     2,216,735         197,208       16,738,116   1,134,186      4,298        6.5
162,411,861    105,634,836    2,414,158         236,628       19,386,286   1,248,664      4,339        6.7
189,828,537    139,791,821    2,588,918         249,297       25,155,950   1,567,909      4,292        7.4
114,202,391    73,476,191     1,623,694         187,705       13,477,467   816,843        2,638        6.3
106,579,116    74,809,199     1,259,066         193,069       13,714,771   633,618        1,046        6.2
135,789,562    80,469,860     2,124,356         192,180       15,015,806   814,264        3,202        11.9
257,508,440    235,748,043    3,284,702         311,003       42,746,891   1,972,235      3,426        7.1
144,563,250    83,244,193     2,210,933         254,220       15,559,261   972,849        4,281        6.7
180,829,271    126,094,230    2,722,601         238,314       23,269,862   1,158,018      4,284        6.6
149,394,567    80,825,200     2,118,968         224,555       14,978,086   850,469        4,300        7.4
121,977,402    71,906,911     1,862,775         191,306       13,406,360   853,422        4,260        6.4
131,424,366    80,514,123     1,929,479         182,572       14,892,459   961,489        4,268        6.4
131,399,213    73,637,298     2,065,387         214,910       13,666,735   849,391        4,275        6.7
132,875,382    79,225,807     1,985,879         202,043       14,741,432   873,191        4,278        6.6
225,579,123    156,256,073    3,250,629         289,709       28,836,667   1,636,522      4,383        7.4
162,124,298    106,663,906    2,354,652         258,364       19,649,111   1,142,073      4,299        6.6
129,210,853    74,254,285     2,038,006         208,115       13,766,756   841,597        4,289        6.4
128,413,074    76,531,578     1,983,113         186,789       14,237,280   840,631        4,272        6.7
175,018,725    108,324,870    2,493,550         232,154       20,217,587   1,166,414      4,310        7.0
57,003,329     34,011,177     697,815           103,574       6,007,559    275,931        1,004        6.1
193,699,443    127,569,442    3,058,700         265,041       24,120,159   1,343,089      4,275        6.8
122,736,916    70,208,568     1,866,406         196,461       13,066,507   774,445        4,281        6.6
117,595,200    66,501,952     1,884,181         179,993       12,400,111   736,036        4,269        6.5
178,254,590    119,366,683    2,349,111         200,629       21,985,492   1,340,706      4,278        7.6
130,353,011    76,533,991     1,957,415         211,919       14,119,470   884,024        4,266        6.6
194,449,710    156,806,900    2,529,921         222,580       28,304,725   1,587,604      4,330        6.7
111,218,825    65,589,875     1,747,670         176,927       12,218,555   724,403        4,220        6.3
169,596,306    114,192,423    2,499,392         219,045       20,949,435   1,216,635      4,341        7.0
156,086,049    116,911,990    2,234,128         227,786       21,355,910   1,191,448      4,325        6.9
223,514,363    173,559,241    3,258,617         315,453       31,280,927   1,682,921      4,333        7.5
181,808,428    137,269,903    2,456,410         264,694       24,877,979   1,380,452      4,333        7.3
113,431,243    64,977,750     1,735,067         189,125       12,112,805   681,563        4,269        6.4
144,243,988    82,317,588     1,978,952         184,854       15,367,989   848,040        4,312        7.2
118,078,585    78,358,186     1,652,368         168,871       14,289,417   828,838        3,706        6.3
75,916,139     52,185,228     948,796           135,534       9,353,361    432,276        1,504        6.2
152,784,860    134,463,161    1,916,710         225,387       23,998,716   1,063,380      2,238        6.8
128,750,676    76,612,190     1,946,260         203,439       14,384,080   814,833        4,273        6.4
794,583,673    897,201,123    10,632,544        436,681       165,613,762  6,470,545      5,473        12.9
174,142,298    120,571,022    2,398,746         294,853       21,935,469   1,253,077      4,325        7.1
190,143,769    143,050,254    2,572,745         282,182       26,182,114   1,504,194      4,321        7.2
120,864,561    73,244,118     1,758,916         210,462       13,756,795   725,264        4,285        6.6
162,939,342    109,808,439    2,371,860         249,766       20,107,557   1,091,255      4,329        7.0
129,576,137    73,071,297     1,982,173         197,745       13,607,272   842,607        4,276        6.4
126,320,752    74,497,806     1,980,418         182,503       13,772,213   803,604        4,312        6.4
167,710,383    120,351,490    2,388,330         220,500       22,071,116   1,336,711      4,306        6.7
126,976,466    75,889,269     1,936,659         224,890       14,133,477   832,683        4,270        6.6
51,281,387     31,213,278     620,221           89,020        5,502,060    230,867        1,006        6.1
421,416,622    434,551,890    4,837,276         334,348       77,078,393   3,759,230      4,372        9.1
182,922,800    134,998,790    2,535,285         274,532       24,912,884   1,224,953      4,354        7.0
170,207,090    102,849,791    2,788,476         240,401       19,350,528   1,195,632      4,284        6.8
139,623,811    84,508,134     2,088,644         217,118       15,676,794   918,060        4,307        6.4
147,760,674    98,742,110     2,117,627         211,846       18,477,892   1,000,947      4,329        6.3
125,465,246    72,169,465     1,961,228         212,584       13,372,589   774,609        4,299        6.1
131,477,399    82,571,568     2,037,502         207,507       15,174,108   862,799        4,301        6.7
123,727,012    64,561,831     1,761,276         168,986       12,054,905   664,079        4,289        6.4
274,975,666    105,429,457    1,650,391         162,530       22,524,853   635,588        4,277        6.9
197,353,814    166,021,002    2,427,036         211,005       30,080,960   1,789,765      4,271        7.3
111,406,050    63,153,087     1,733,444         189,503       11,821,031   647,724        4,290        6.6
152,173,386    111,055,451    1,942,352         200,520       20,103,896   1,223,098      4,286        6.5
160,700,328    113,785,447    2,168,790         244,154       21,157,362   1,181,773      4,276        6.4
138,333,414    89,560,729     1,964,346         214,767       16,474,290   992,386        4,283        6.8
130,658,776    78,285,179     2,029,165         205,703       14,438,577   838,824        4,318        6.7
128,996,012    82,362,609     1,845,827         180,136       15,273,899   924,108        4,294        6.8
128,632,580    71,614,271     1,910,694         202,840       13,262,369   833,605        4,289        6.3
124,399,656    68,857,533     1,776,960         184,767       12,923,166   747,429        4,288        6.6
112,442,301    64,442,186     1,784,483         178,601       12,076,365   701,613        4,293        6.3
372,514,909    359,901,857    4,532,004         321,946       64,976,054   3,006,833      4,337        6.6
260,663,665    162,048,348    4,323,330         388,276       33,320,504   1,592,634      4,531        8.7
600,572,509    580,592,298    7,335,588         473,916       103,560,902  5,464,782      4,449        7.6
162,511,780    119,172,013    2,219,203         227,440       21,970,291   1,195,837      4,288        12.7
156,512,199    105,067,958    2,182,835         250,903       19,176,556   1,158,405      4,298        6.8
246,339,845    228,246,945    2,896,208         267,125       42,006,686   2,036,543      4,266        6.8
57,114,883     30,379,018     721,425           116,786       5,312,034    264,192        1,010        7.4
157,843,419    112,707,634    2,202,748         215,605       20,732,775   1,169,096      4,229        6.2
264,020,882    255,355,442    2,970,920         246,323       47,931,590   2,022,025      4,307        6.3
113,457,999    64,432,761     1,797,889         211,577       12,000,645   677,106        4,304        8.1
130,273,644    81,990,442     1,973,460         213,297       15,169,668   778,805        4,350        6.4
173,443,492    115,752,583    2,101,487         213,322       21,418,798   1,177,083      4,302        6.9
159,140,422    88,932,155     2,624,148         253,783       16,874,456   1,018,821      4,291        7.0
109,055,037    62,935,002     1,687,971         187,760       11,737,928   704,599        4,287        6.8
143,177,147    94,517,581     1,978,830         223,394       17,859,891   946,349        4,315        6.1
109,552,867    61,299,684     1,679,499         185,267       11,468,382   659,707        3,869        6.6
272,745,095    95,315,115     1,212,422         134,244       20,699,439   455,994        2,590        6.4
102,792,361    50,437,904     1,035,907         120,732       9,592,298    398,770        2,119        7.0
92,599,210     53,402,557     1,374,234         144,376       9,754,744    533,561        2,717        6.1
115,798,397    71,518,264     1,712,608         194,567       13,375,061   693,657        4,152        6.3
136,420,480    83,869,417     2,009,914         225,567       15,817,939   856,575        4,298        6.4
156,665,693    110,137,822    2,445,704         268,193       20,133,370   1,003,451      4,346        6.5
128,258,352    74,262,895     1,925,733         212,835       13,850,622   906,611        4,245        6.7
369,379,276    393,490,575    4,260,536         252,016       70,476,836   3,203,204      4,322        6.2
114,409,791    61,059,613     1,739,396         223,342       11,417,057   642,291        4,287        8.2
120,037,918    71,371,837     1,846,458         193,200       13,219,255   730,330        4,328        6.6
153,581,678    93,784,180     2,260,203         242,365       17,368,427   926,483        4,357        6.4
355,168,223    370,534,653    4,413,630         281,108       67,448,784   2,833,122      5,016        7.0
344,396,301    351,946,531    3,754,524         405,356       63,907,006   2,745,560      4,458        8.6
384,039,895    358,088,743    4,594,901         317,731       64,996,170   3,258,348      4,348        8.4
171,124,911    139,742,748    2,309,717         297,064       25,472,744   1,225,661      4,415        8.2
514,822,280    599,207,430    5,742,423         335,578       104,992,650  4,579,153      5,711        6.8
137,941,106    86,290,407     2,088,664         280,983       15,864,892   811,732        4,342        9.7
74,722,833     38,702,969     791,143           114,886       6,910,152    288,628        1,029        7.0
110,452,523    60,387,216     1,750,194         179,815       11,206,400   668,966        4,306        7.1
112,426,419    68,717,780     1,702,494         175,751       12,672,426   703,013        4,306        6.4
319,226,877    346,618,531    3,458,895         390,463       61,238,572   2,749,874      4,567        6.6
135,124,220    75,390,818     1,918,761         232,674       14,058,363   771,202        4,321        8.0
110,255,394    65,882,132     1,680,690         171,420       12,406,239   674,708        4,316        6.5
484,324,271    567,813,980    5,353,304         355,556       100,732,716  4,084,469      5,051        6.4
142,646,589    94,773,254     2,065,319         252,989       17,470,439   980,207        4,335        9.5
146,100,633    79,245,848     2,504,531         220,532       15,044,372   883,449        4,309        6.5
92,432,416     52,724,190     1,447,573         144,874       9,741,491    549,559        3,684        6.8
64,104,427     38,302,379     863,311           126,915       6,917,732    328,180        1,490        6.1
124,352,984    100,919,285    1,771,068         229,469       18,118,813   676,585        3,278        6.2
184,400,515    152,557,976    2,272,405         237,464       26,845,412   1,432,912      4,308        6.8
107,835,215    62,636,467     1,652,446         189,925       11,856,277   642,711        4,300        6.9
119,126,422    68,743,442     1,812,843         198,966       12,771,663   712,216        4,311        6.4
123,838,390    74,235,498     1,746,404         197,210       13,892,507   788,095        4,303        6.7
166,642,692    126,187,359    2,221,286         216,918       23,092,430   1,173,245      4,281        6.7
155,275,983    94,423,752     1,985,954         233,910       17,708,129   798,102        4,365        6.8
103,451,700    57,467,618     1,636,005         167,841       10,756,128   619,776        4,304        7.0
106,011,506    58,446,574     1,653,833         156,907       10,873,898   657,332        4,298        6.5
165,531,061    109,967,935    2,281,184         205,194       20,351,600   1,202,174      4,304        6.6
102,817,236    60,117,159     1,612,132         195,285       11,229,993   629,146        4,321        7.0
152,026,346    87,951,432     2,109,357         221,957       16,335,083   999,210        4,334        6.6
144,507,486    104,546,572    1,908,560         208,925       18,985,704   1,080,647      4,315        7.9
125,280,572    84,481,892     1,927,061         200,045       15,557,591   761,527        4,377        6.5
181,199,553    120,190,014    2,554,322         262,614       22,173,448   1,124,873      4,308        7.0
121,940,890    74,643,048     1,853,000         227,291       13,814,965   699,098        4,338        7.4
43,474,961     28,116,938     542,195           74,061        4,957,469    217,319        1,012        7.0
203,223,945    157,582,700    2,435,818         275,325       28,989,205   1,145,271      4,461        5.9
139,553,004    103,995,647    1,904,759         200,853       19,133,503   1,039,536      4,298        7.8
107,812,541    59,563,709     1,678,328         182,084       11,148,383   661,220        4,305        7.0
133,835,969    84,071,674     1,864,437         202,153       15,623,605   776,042        4,346        6.6
147,065,333    85,861,715     1,888,709         192,896       16,049,784   913,345        4,331        7.0
273,164,203    249,196,253    3,135,814         270,068       44,214,430   2,368,041      4,370        6.7
188,405,551    156,110,456    2,517,160         299,322       28,375,658   1,241,878      4,481        7.7
119,928,640    68,476,153     1,764,054         211,206       12,733,944   750,455        4,309        7.9
144,131,461    102,390,954    2,006,340         230,494       18,803,584   841,754        4,373        6.5
155,110,654    91,555,829     2,530,657         223,522       16,969,521   1,026,992      4,309        7.0
115,137,552    77,100,713     1,760,255         178,675       14,306,376   705,991        4,345        7.0
111,177,014    66,919,210     1,713,394         178,849       12,426,232   644,100        4,310        6.9
99,946,679     56,636,385     1,538,591         136,981       10,545,554   580,142        4,299        6.9
115,119,096    76,328,737     1,776,185         172,215       14,055,609   691,827        4,325        6.2
116,507,615    119,929,043    1,394,254         200,553       21,485,063   650,881        2,710        6.8
136,008,547    92,751,043     1,497,787         184,267       16,695,427   725,853        2,154        6.6
70,511,385     44,088,831     954,361           116,684       7,972,094    375,769        2,060        7.6
103,480,207    56,441,416     1,266,352         139,183       10,300,993   542,802        2,522        6.2
815,518,357    693,362,240    8,047,442         2,158,213     149,283,928  1,420,262      3,373        6.9
106,187,273    58,122,822     1,619,741         209,934       10,836,720   611,145        4,300        8.5
125,063,297    77,982,534     1,906,073         199,066       14,367,426   729,488        4,350        6.5
182,805,494    147,493,191    2,377,988         229,570       26,559,526   1,511,368      4,331        7.1
121,993,543    73,977,064     1,758,615         193,979       13,676,173   796,645        4,309        7.3
120,637,666    73,216,274     1,736,701         178,257       13,645,252   774,498        4,294        6.4
126,445,501    90,356,420     1,885,081         199,758       16,557,223   758,264        4,380        6.6
162,850,115    121,155,060    2,163,669         223,794       22,277,483   1,196,040      4,343        6.9
61,886,796     34,281,526     765,502           116,163       6,072,885    289,407        1,013        7.0
169,870,065    116,636,959    2,440,220         250,292       21,512,184   993,001        4,318        6.5
114,417,648    81,621,904     1,681,924         176,829       15,108,495   673,521        4,356        7.3
169,398,745    121,971,699    2,440,577         280,010       22,226,805   1,131,617      4,419        6.6
128,434,731    79,411,937     1,913,040         224,004       14,709,057   762,337        4,345        7.8
138,978,439    94,108,774     1,892,879         194,908       17,240,069   980,192        4,337        7.0
132,051,243    77,356,378     1,931,562         215,889       14,409,172   837,565        4,324        7.0
105,713,590    60,728,168     1,666,295         175,963       11,279,685   622,326        4,320        6.9
127,412,658    78,075,284     1,821,949         179,978       14,435,606   883,334        4,334        6.6
121,761,355    84,325,142     1,829,999         196,735       15,528,930   712,270        4,362        6.7
163,608,853    111,229,371    2,260,118         247,394       20,212,799   1,148,417      4,350        7.2
185,581,948    134,468,831    2,369,654         291,702       25,229,040   1,318,247      4,354        7.6
124,180,002    81,724,686     1,878,353         240,125       15,127,286   721,678        4,361        7.0
258,022,810    208,234,823    3,398,581         265,259       38,069,199   2,175,390      4,317        7.0
133,984,226    69,219,132     1,842,510         223,320       12,956,280   694,015        4,331        7.7
118,038,987    74,262,972     1,720,343         168,004       13,684,169   791,323        4,309        8.0
432,341,413    479,467,144    5,036,745         360,968       84,466,563   3,704,724      4,441        6.3
108,169,272    57,561,234     1,640,392         208,652       10,720,356   608,207        4,305        9.3
210,851,026    186,871,436    2,574,607         205,653       33,313,455   1,855,204      4,315        6.6
123,552,749    74,624,096     1,808,526         214,263       13,840,373   792,346        4,311        7.2
143,379,236    112,245,223    1,946,351         217,124       20,395,499   954,479        4,398        6.7
113,941,022    68,573,838     1,710,314         204,194       12,728,048   699,175        4,309        6.9
112,942,493    62,939,862     1,763,598         193,760       11,749,682   680,941        4,315        6.5
316,408,031    287,916,806    3,652,525         280,778       51,686,729   3,029,510      4,321        6.7
123,270,494    79,084,474     1,816,256         231,305       14,617,281   712,755        4,349        7.9
359,640,048    354,182,382    4,213,168         268,811       64,165,219   3,261,339      4,357        7.0
51,335,495     29,903,684     642,034           104,216       5,208,660    235,441        1,013        8.5
125,878,481    80,030,691     1,817,233         197,762       14,764,250   830,137        4,340        6.1
165,169,250    105,292,432    2,097,919         202,842       19,490,988   1,055,110      3,868        6.9
86,158,861     51,123,817     1,234,841         168,907       9,449,231    476,881        2,604        6.9
577,131,365    658,793,298    6,093,301         317,304       116,667,737  5,384,767      1,654        6.4
164,774,081    126,720,346    2,073,456         267,788       22,983,420   1,306,819      4,358        9.5
154,905,094    108,167,589    2,166,097         281,887       20,101,764   970,327        4,380        6.6
134,726,898    104,373,115    1,884,988         226,404       19,082,946   779,757        4,426        7.3
123,187,344    83,263,954     1,806,798         198,154       15,407,738   701,517        4,378        6.8
139,722,365    88,329,511     2,036,990         272,694       16,483,339   904,910        4,338        6.9
124,899,142    64,091,420     1,753,190         206,051       11,959,395   646,376        4,336        6.7
154,169,162    118,169,440    2,061,619         191,310       21,659,432   1,239,862      4,323        7.5
123,842,212    78,169,306     1,898,028         238,269       14,514,102   735,102        4,362        6.7
115,710,932    69,306,356     1,727,868         202,993       12,765,957   662,621        4,345        7.1
162,645,629    118,171,535    2,200,437         251,150       21,389,246   1,205,520      4,382        6.8
108,368,687    57,759,212     1,649,565         186,043       10,775,862   607,164        4,320        7.2
139,714,663    75,656,146     2,386,263         188,621       14,246,526   851,642        4,315        6.7
108,870,818    60,265,486     1,692,400         176,712       11,291,952   626,462        4,314        7.1
120,139,172    68,883,994     1,691,490         177,073       12,850,626   661,712        4,329        6.9
115,494,558    71,599,305     1,785,535         188,345       13,271,245   693,526        4,352        6.6
131,798,564    76,283,138     1,886,387         226,449       14,206,277   825,774        4,324        7.1
130,749,168    83,490,142     1,899,856         217,388       15,335,400   788,394        4,357        7.2
121,597,674    81,649,782     1,784,588         202,631       15,123,023   741,168        4,365        7.0
129,741,109    74,196,921     1,813,557         197,912       13,796,269   687,091        4,363        6.8
113,023,353    65,236,192     1,709,431         186,717       12,236,831   671,176        4,317        7.5
140,224,548    103,038,997    2,246,730         270,317       18,649,866   783,791        4,427        6.8
104,986,572    57,699,427     1,611,680         174,594       10,812,575   608,425        4,319        7.0
51,445,377     31,680,969     661,543           95,774        5,681,461    250,184        1,013        6.7
114,734,451    70,787,167     1,688,973         183,242       13,096,498   701,581        4,345        6.4
112,473,649    66,110,757     1,680,983         187,091       12,384,114   696,180        4,327        6.7
101,384,255    56,829,612     1,560,892         161,419       10,591,230   583,418        4,318        6.6
121,762,609    66,892,361     1,635,168         175,888       12,843,689   634,703        4,321        6.3
113,955,286    67,022,607     1,743,919         188,895       12,489,793   675,044        4,332        6.7
289,454,104    146,241,903    2,332,502         261,334       28,950,960   904,623        4,380        6.5
180,343,355    135,995,721    2,299,283         233,077       24,816,719   1,546,650      4,320        8.8
100,005,774    55,517,639     1,557,419         183,706       10,451,250   580,742        4,315        7.0
118,181,588    82,990,662     1,763,162         177,840       15,253,340   679,633        4,393        6.5
110,783,093    67,312,989     1,664,688         190,523       12,552,191   674,695        4,323        6.6
101,296,107    56,544,341     1,562,097         162,413       10,578,229   582,494        4,323        6.5
97,702,618     57,093,548     1,546,475         147,612       10,692,772   583,257        4,322        6.2
108,512,217    61,567,692     1,676,651         171,591       11,481,990   632,351        4,330        6.5
150,594,129    109,462,661    2,073,583         212,696       20,181,147   986,511        4,396        6.4
117,955,643    78,246,071     1,761,667         222,245       14,493,085   693,656        4,372        7.1
116,871,315    73,262,651     1,819,116         208,830       13,789,993   760,030        3,755        6.6
235,245,410    261,975,300    2,332,661         189,978       44,836,671   2,158,218      2,611        6.4
123,437,136    90,841,046     1,716,876         183,497       16,371,093   845,095        1,030        7.3
150,083,336    107,399,691    2,003,905         248,970       19,545,405   1,087,829      3,829        6.6
129,081,589    82,614,773     1,785,867         207,575       14,997,369   846,439        3,945        6.4
104,293,019    58,589,004     1,597,396         184,195       10,934,146   600,175        4,324        6.3
119,598,257    67,664,702     1,801,030         195,634       12,674,512   743,973        4,321        6.2
113,569,108    70,572,384     1,725,630         180,827       13,058,773   660,840        4,346        6.8
145,231,838    109,787,193    1,876,540         224,232       20,083,205   1,008,960      4,358        6.5
135,911,985    100,233,279    1,901,764         234,639       18,489,608   851,978        4,401        6.8
251,164,330    208,892,525    2,921,864         284,791       38,736,102   2,014,748      4,326        6.9
50,552,233     29,936,860     618,262           100,380       5,226,530    230,494        1,016        7.2
182,001,567    134,047,331    2,219,321         263,862       24,618,623   1,286,670      4,373        5.8
127,562,346    69,747,057     1,838,221         224,781       13,107,598   687,865        4,311        7.7
114,545,859    71,258,496     1,697,963         177,924       13,181,904   701,742        4,348        7.0
113,781,081    73,880,118     1,723,225         186,367       13,634,797   653,106        4,350        6.7
113,335,012    63,239,940     1,711,096         199,093       11,819,815   678,629        4,328        6.8
127,594,058    88,954,314     1,789,154         195,186       16,319,685   870,892        4,328        6.6
125,165,360    77,890,885     1,795,757         195,810       14,505,892   829,989        4,330        6.3
165,045,847    119,559,026    2,229,890         245,840       22,172,117   984,491        4,340        6.9
132,215,135    83,836,947     1,776,544         195,982       15,523,733   927,018        4,325        6.7
130,739,800    85,936,684     1,883,960         224,892       15,773,539   824,191        4,345        6.4
99,473,814     55,971,160     1,500,528         160,251       10,440,304   563,600        4,326        6.7
113,949,622    74,172,151     1,736,654         179,449       13,751,975   665,459        4,351        6.0
153,062,234    108,502,098    2,099,136         224,275       20,033,519   1,180,544      4,341        6.5
130,752,648    96,304,725     1,943,825         214,360       17,682,044   764,477        4,415        7.0
106,925,679    58,987,998     1,652,085         186,205       10,961,582   622,489        4,321        6.9
110,669,629    67,200,113     1,700,617         183,061       12,468,737   648,868        4,340        6.6
102,146,054    61,483,053     1,586,842         158,513       11,554,249   606,061        4,320        6.6
107,277,379    63,938,415     1,655,719         168,254       11,932,650   625,937        4,342        6.5
107,508,360    65,309,058     1,628,769         154,951       12,130,051   631,131        4,347        6.6
1,320,872,242  1,457,152,064  13,815,991        570,617       305,768,129  5,323,076      7,035        6.6
1,159,184,593  1,751,029,949  12,977,153        1,159,038     292,876,437  6,153,171      10,121       17.6
112,121,887    65,467,082     1,644,929         220,480       12,196,697   626,349        4,324        16.3
125,394,397    72,121,986     1,621,097         173,225       13,497,444   735,375        4,336        6.5
115,474,859    63,246,619     1,780,864         194,625       11,750,533   665,665        4,325        7.3
200,565,743    173,041,227    2,590,490         247,585       31,179,820   1,576,227      4,370        7.0
52,742,774     32,474,872     648,941           102,206       5,732,279    246,888        1,015        7.5
112,208,766    65,990,212     1,697,530         199,896       12,328,329   654,378        4,333        6.2
128,533,077    83,417,476     1,772,515         192,963       15,500,777   681,564        4,387        6.6
176,267,187    173,151,719    2,430,181         370,095       31,142,183   966,037        4,533        7.3
188,747,345    198,460,570    2,193,213         349,638       35,671,596   1,233,740      4,510        7.4
107,340,816    59,182,190     1,659,101         213,078       11,107,298   607,808        4,314        7.3
119,674,447    76,932,736     1,746,928         205,416       14,320,233   732,836        4,341        6.7
130,583,407    92,878,918     1,810,002         217,295       16,992,757   913,989        4,330        6.8
148,223,112    103,100,100    1,944,989         223,149       19,354,671   1,038,765      4,311        6.2
101,579,432    66,182,848     1,535,633         191,825       12,321,120   591,091        3,729        6.6
82,956,775     49,666,131     1,194,590         139,065       9,185,335    451,075        3,109        6.5
145,161,658    133,925,692    1,581,493         203,569       24,241,377   913,022        1,506        6.1
89,089,301     46,712,824     1,161,937         152,873       8,683,700    424,060        2,717        6.7
154,619,059    136,799,393    1,989,375         249,705       24,470,954   1,099,372      3,324        6.2
101,147,274    56,355,323     1,516,898         170,753       10,545,387   576,831        4,325        6.9
216,158,901    170,647,293    2,663,582         237,037       31,758,599   1,571,309      4,345        6.4
158,488,406    118,767,116    1,946,207         220,685       20,836,506   1,218,073      4,326        7.1
224,889,053    180,767,604    2,724,971         288,763       32,731,469   1,703,392      4,415        6.4
124,509,973    76,604,974     1,791,719         224,600       14,144,651   797,197        4,333        7.4
135,401,437    90,207,960     1,947,876         199,265       16,673,124   989,875        4,321        6.4
133,803,813    78,357,167     1,713,294         196,426       14,580,099   750,206        4,337        6.5
324,909,523    351,089,566    3,625,299         268,298       61,862,400   2,839,030      4,336        7.1
128,593,434    86,133,538     1,761,068         230,383       16,025,174   929,053        4,321        8.1
141,540,007    85,231,835     2,399,159         222,461       16,073,186   876,124        4,345        6.1
118,242,564    72,868,254     1,680,451         192,348       13,413,374   723,645        4,331        6.8
197,413,232    156,736,245    2,593,441         287,595       28,463,075   1,527,729      4,342        6.7
113,558,252    80,636,137     1,654,510         182,882       14,802,040   651,173        4,379        7.0
49,251,882     29,347,976     604,872           84,058        5,126,798    229,764        1,015        6.5
102,570,542    60,952,937     1,604,574         154,045       11,316,687   601,089        4,334        5.8
123,579,743    80,284,108     1,805,577         188,446       14,922,535   797,773        4,336        6.2
100,058,514    58,360,200     1,502,354         180,690       10,949,408   593,863        4,322        6.6
123,496,422    82,514,243     1,784,768         195,985       15,231,932   808,188        4,331        6.1
100,412,242    56,622,822     1,586,043         162,122       10,702,432   592,030        4,321        6.3
134,861,865    96,487,892     1,810,897         156,015       17,740,257   1,048,751      4,322        6.1
164,711,418    118,972,548    2,147,488         226,542       21,844,503   1,326,567      4,332        6.5
148,651,837    97,492,622     1,989,900         246,093       18,044,924   805,029        4,403        6.8
163,769,806    128,829,664    2,068,367         193,575       23,540,594   1,387,135      4,317        6.9
118,481,520    70,697,079     1,811,863         214,280       13,064,471   680,955        4,356        6.8
115,070,885    67,872,648     1,712,939         206,324       12,681,119   708,615        4,322        6.5
217,574,926    207,819,736    2,691,736         274,416       37,348,884   1,649,460      4,381        6.4
184,952,643    137,301,731    2,369,281         299,054       25,496,023   1,164,862      4,333        7.6
137,842,453    105,270,489    1,883,252         253,961       19,387,053   940,376        4,373        7.0
129,791,595    73,304,075     1,745,910         202,995       13,617,356   666,231        4,334        6.5
125,344,156    86,267,698     1,752,127         215,048       15,810,097   757,786        4,330        7.5
487,286,456    593,119,814    5,159,228         318,860       103,490,521  4,256,141      5,786        6.5
113,214,515    68,812,034     1,595,745         217,977       12,895,728   730,280        4,315        9.9
149,835,625    110,985,726    2,024,364         258,824       20,246,020   979,037        4,374        6.5
96,649,326     56,479,347     1,492,511         173,962       10,576,833   568,297        4,330        6.8
100,561,829    55,645,901     1,533,229         160,029       10,408,895   568,066        4,313        6.2
157,943,971    133,640,252    2,131,337         278,671       24,357,122   988,825        4,456        6.4
126,882,765    78,695,398     1,878,850         235,463       14,613,398   747,309        4,365        7.3
133,209,856    95,883,332     1,772,783         202,769       17,512,349   903,520        4,384        6.6
134,822,530    75,933,645     2,279,958         193,673       14,427,676   796,505        4,327        6.5
53,360,851     30,241,928     662,051           90,681        5,267,495    250,334        1,018        6.9
107,144,265    65,558,046     1,645,259         179,609       12,248,476   618,539        4,341        6.3
128,922,823    97,635,385     1,821,823         211,568       17,794,876   745,852        4,402        6.8
102,632,007    62,040,441     1,551,406         169,129       11,499,311   592,756        4,338        6.8
105,735,680    63,464,764     1,624,251         152,114       11,819,867   625,907        4,339        6.5
102,393,715    55,890,494     1,560,133         146,540       10,562,440   583,179        4,319        6.5
95,316,743     56,132,044     1,454,373         128,251       10,463,824   545,097        4,230        6.5
99,357,113     57,803,426     1,540,646         139,483       10,887,811   582,298        4,331        6.4
105,667,118    63,819,045     1,810,940         176,608       11,751,150   581,993        4,325        6.4
119,188,146    67,714,694     1,606,922         167,099       12,664,948   678,950        4,342        6.3
143,097,668    103,784,533    1,924,420         218,370       19,601,926   904,764        4,356        7.1
128,681,775    77,081,440     1,887,391         219,492       14,533,189   780,773        4,324        6.6
120,424,370    65,980,714     1,645,838         173,880       12,341,614   609,541        4,346        6.6
102,462,328    58,622,306     1,570,960         164,328       10,968,919   596,413        4,325        7.1
92,805,097     55,342,988     1,432,877         135,947       10,411,751   550,740        4,323        6.3
106,608,055    77,750,249     1,620,948         154,976       14,482,207   626,380        4,362        6.1
143,091,209    101,267,278    1,842,188         225,279       19,013,237   693,736        3,739        6.3
83,256,994     50,488,195     1,210,046         143,867       9,374,562    471,983        3,399        6.9
80,521,861     50,485,789     1,204,469         123,370       9,257,157    466,693        3,180        6.0
92,557,318     50,155,091     1,374,163         195,830       9,837,371    481,464        2,610        6.1
77,078,247     48,624,022     1,033,636         140,536       8,893,864    457,909        2,597        6.5
61,220,731     35,598,405     823,210           105,660       6,342,670    308,242        1,619        6.2
97,619,481     48,751,178     1,223,219         127,010       9,153,676    451,548        2,720        6.1
126,171,658    86,749,146     1,813,543         185,296       15,825,550   821,948        4,359        6.4
111,660,764    63,171,220     1,706,986         180,290       11,769,432   655,871        4,332        6.6
179,931,789    189,654,599    2,191,443         294,516       34,287,287   1,158,923      4,573        6.7
131,694,571    90,354,862     1,929,350         237,209       16,641,453   774,051        4,415        7.4
52,663,686     29,930,348     646,324           92,149        5,223,121    247,342        1,016        6.9
140,827,753    84,415,240     2,381,646         185,041       15,836,636   853,613        4,336        6.1
120,350,717    83,764,638     1,785,990         200,503       15,381,242   733,319        4,394        6.7
369,951,995    412,121,405    3,949,439         295,237       72,755,580   3,333,286      4,380        6.6
230,683,491    214,750,198    2,723,784         281,154       38,450,040   1,942,804      4,354        8.4
149,104,647    114,069,510    1,997,493         255,692       20,466,667   1,038,752      4,396        7.0
114,125,994    63,569,157     1,657,617         187,986       11,804,622   686,705        4,333        6.7
118,663,887    62,959,606     1,612,018         155,865       11,839,836   621,651        4,348        6.6
98,920,029     59,662,102     1,466,428         144,618       11,252,435   557,762        4,325        7.4
104,559,419    64,723,560     1,589,193         153,374       12,108,358   605,867        4,359        6.4
116,535,745    74,693,723     1,696,602         167,797       13,629,135   784,304        4,328        6.7
143,887,157    103,757,133    1,949,055         176,495       19,050,474   1,123,534      4,329        6.4
2,024,765,373  2,268,491,581  10,435,877        463,915       514,183,951  4,378,402      7,251        6.5
951,568,847    1,229,291,348  7,132,110         506,996       236,074,308  4,875,089      6,461        23.3
122,172,354    76,129,496     1,693,353         232,047       14,201,617   777,911        4,345        13.9
281,665,766    302,757,570    3,172,518         310,398       55,738,278   1,957,319      4,432        6.8
113,214,711    67,862,689     1,653,362         218,909       12,728,803   656,140        4,328        8.2
131,543,239    103,752,222    1,699,393         172,371       18,970,445   983,754        4,325        6.4
454,541,041    488,450,152    4,741,758         350,679       89,174,948   3,770,870      4,357        6.3
208,996,131    180,501,323    2,492,082         295,915       32,753,083   1,664,557      4,393        8.9
191,697,025    153,249,551    2,339,605         236,136       27,819,096   1,667,857      4,328        7.6
124,687,148    74,574,920     1,727,298         191,808       13,794,787   831,723        4,329        6.5
146,523,527    119,324,008    1,964,636         246,783       21,821,159   879,876        4,450        6.7
116,046,557    59,850,161     1,579,921         172,359       11,321,080   602,811        4,334        7.3
123,270,601    80,283,278     1,688,550         171,946       14,933,009   853,016        4,329        6.7
152,270,995    104,869,877    2,129,607         199,011       19,233,605   1,129,603      4,354        6.7
54,630,273     31,341,154     621,380           92,158        5,472,774    237,007        1,017        6.9
139,300,653    103,164,026    1,942,593         216,790       18,915,910   883,677        4,411        6.1
344,012,553    362,679,643    3,887,064         268,625       64,973,007   3,060,582      4,420        7.2
171,018,264    113,225,813    2,266,081         264,130       21,064,000   1,140,069      4,356        8.2
121,720,952    65,237,988     1,601,814         187,487       12,165,459   617,035        4,340        7.1
156,697,549    91,386,935     2,255,194         167,941       17,416,175   928,338        3,989        7.4
103,810,648    69,396,832     1,407,409         171,805       12,934,556   692,841        3,117        6.5
71,145,295     41,655,490     1,013,368         107,677       7,678,723    394,557        2,623        6.8
69,423,844     39,857,988     961,221           97,214        7,123,563    367,587        2,420        6.0
99,938,485     78,804,571     1,332,173         150,214       14,155,316   556,377        2,799        6.0
119,630,637    80,237,667     1,663,410         184,956       14,756,282   777,188        4,308        6.7
98,771,306     58,936,968     1,438,750         152,798       11,035,583   561,935        4,327        6.8
95,703,617     58,955,152     1,440,047         134,229       11,015,255   550,458        4,335        6.3
131,328,525    95,717,839     2,052,785         217,907       17,437,949   830,423        4,383        6.3
112,035,081    71,653,470     1,639,651         192,812       13,234,874   638,448        4,358        6.8
125,007,266    71,307,139     1,669,408         170,718       13,321,960   656,920        4,521        6.8
182,772,713    163,558,483    2,106,341         200,860       28,248,296   1,541,811      4,347        7.5
117,226,580    70,863,672     1,682,366         193,741       13,127,212   728,840        4,350        7.4
100,770,772    57,291,982     1,497,349         151,882       10,558,432   578,747        4,234        6.5
130,517,775    88,520,460     1,780,844         173,496       16,286,785   930,794        4,328        6.8
95,307,952     58,124,505     1,410,887         144,442       10,928,309   546,730        4,322        6.7
145,103,538    98,610,644     1,971,419         205,501       18,301,438   736,387        4,316        6.4
154,516,502    115,704,598    2,037,590         210,480       21,483,836   1,150,788      4,354        7.3
99,826,684     55,888,322     1,477,675         162,544       10,437,403   567,784        4,320        7.3
114,557,399    75,465,971     1,656,244         166,925       13,939,706   660,208        4,381        6.5
130,727,207    90,846,213     1,838,467         203,167       16,836,216   846,074        4,372        6.0
126,494,332    62,743,104     1,698,699         186,202       11,727,915   634,787        4,337        7.1
49,050,263     29,656,613     623,801           80,169        5,178,155    246,325        980          7.0
110,210,331    58,563,305     1,611,778         161,323       10,952,350   611,809        4,323        8.1
117,079,595    79,687,231     1,604,761         162,531       14,651,248   650,753        4,327        6.2
122,012,566    81,216,018     1,702,654         178,270       15,001,555   762,921        4,357        7.1
103,260,360    58,682,140     1,520,078         165,718       11,030,553   583,768        4,342        6.7
105,087,606    59,696,239     1,521,743         151,119       11,086,066   643,871        4,324        7.1
97,111,463     54,997,489     1,474,743         143,859       10,359,822   568,058        4,321        6.8
157,299,573    109,258,844    2,487,566         210,657       20,307,978   962,855        4,324        6.4
141,132,432    98,686,705     1,849,025         228,462       18,106,730   987,049        4,341        6.7
102,505,962    58,017,346     1,503,175         159,230       10,902,316   600,294        4,323        7.1
90,566,353     54,407,943     1,375,282         129,243       10,178,131   530,478        4,320        7.3
101,968,504    55,556,538     1,509,189         136,798       10,358,770   580,135        4,323        6.6
107,670,645    63,155,602     1,534,863         160,084       11,760,666   658,543        4,324        6.4
109,869,187    70,287,775     1,608,492         167,087       13,039,624   639,603        4,353        6.9
130,849,559    114,160,233    1,776,765         204,441       20,837,270   778,441        4,452        6.8
123,924,395    78,172,858     1,693,985         228,284       14,598,070   749,468        4,343        6.7
105,064,953    60,471,937     1,602,748         172,994       11,368,869   609,055        4,325        7.0
94,654,359     58,889,925     1,398,143         121,262       10,974,442   553,782        4,321        6.8
184,063,822    146,253,079    2,322,740         264,684       26,454,794   1,432,159      4,357        6.7
99,648,694     56,505,123     1,478,213         166,214       10,614,371   558,689        4,329        6.5
95,865,116     54,931,516     1,450,394         132,903       10,282,874   550,958        4,314        7.3
182,498,271    159,401,270    2,229,043         225,894       29,367,905   1,258,447      4,438        6.6
123,749,860    74,542,838     1,668,886         191,958       13,612,761   625,920        4,363        6.5
102,926,793    60,619,390     1,507,113         161,680       11,352,174   576,817        4,323        7.2
245,355,249    216,286,328    2,858,487         273,165       39,204,613   1,920,424      4,374        7.0
107,749,246    62,349,297     1,585,878         195,368       11,652,954   647,031        4,321        6.7
58,300,926     36,263,691     692,195           98,549        6,503,455    283,172        1,015        8.0
97,114,351     58,506,167     1,441,632         137,399       10,962,351   560,229        4,314        6.5
95,128,240     55,088,549     1,447,779         129,090       10,335,453   561,775        4,317        6.3
138,737,929    117,554,346    1,817,537         207,809       21,462,032   909,686        4,319        6.4
111,028,143    63,816,601     1,545,332         181,573       11,820,657   682,306        4,317        6.4
136,158,580    106,231,592    1,847,233         195,467       19,279,138   905,732        4,366        6.8
111,164,014    64,420,024     1,618,268         186,712       11,981,250   657,556        4,322        6.7
163,642,567    125,236,541    2,070,941         183,104       22,848,424   1,362,479      4,338        6.8
96,855,828     69,870,262     1,294,576         179,218       13,076,355   577,138        2,635        6.4
107,030,993    71,046,052     971,297           148,801       12,782,714   489,278        1,621        7.2
132,411,040    73,568,060     2,219,524         172,748       13,973,400   811,061        4,313        6.5
124,612,316    85,822,477     1,707,988         178,651       15,872,046   841,101        4,325        6.5
108,158,865    62,094,991     1,562,984         174,581       11,641,907   650,975        4,344        7.0
132,439,629    95,348,636     1,818,575         194,780       17,619,639   868,706        4,354        6.5
140,631,421    89,321,632     1,821,705         190,295       16,517,140   974,052        4,336        6.5
121,950,836    101,877,103    1,694,226         216,308       18,684,650   707,868        4,423        6.6
131,389,704    92,011,020     1,735,442         210,851       16,904,966   878,243        4,342        6.5
113,591,471    68,366,729     1,585,959         185,012       12,789,042   712,218        4,336        6.7
154,602,862    100,872,450    2,210,508         245,843       18,407,976   900,037        4,387        6.6
104,551,029    62,471,199     1,524,080         175,542       11,619,543   635,715        4,328        6.4
571,988,097    701,676,868    4,106,071         225,314       144,664,338  3,034,331      4,348        7.8
126,572,957    73,508,265     1,728,450         242,533       13,612,721   760,122        4,340        6.4
326,799,559    346,497,447    3,597,509         209,900       61,858,647   2,723,083      4,369        10.3
100,728,665    57,088,495     1,477,645         194,740       10,660,607   566,849        4,328        6.8
93,289,751     54,254,218     1,374,349         125,329       10,153,875   531,851        4,328        9.0
116,793,345    72,275,117     1,656,423         179,349       13,656,730   740,444        4,327        6.4
146,573,334    111,661,775    1,988,848         239,501       20,457,123   939,255        4,351        6.4
102,467,191    77,989,305     1,197,465         157,253       14,138,295   471,889        1,054        6.7
106,931,606    65,054,356     1,549,945         185,724       12,075,902   648,107        4,338        6.9
499,001,717    253,899,625    7,421,455         653,099       60,735,999   1,762,571      13,148       6.7
327,364,810    254,567,068    4,220,175         440,237       48,333,989   2,283,848      5,432        6.4
100,548,112    61,058,113     1,460,247         204,240       11,466,299   574,348        4,278        8.7
134,181,199    94,734,225     1,900,065         227,451       17,420,138   893,639        4,347        8.3
115,628,325    67,690,473     1,581,947         208,862       12,740,931   672,206        4,336        6.5
114,569,126    71,372,049     1,593,142         176,040       13,178,239   758,369        4,325        6.9
107,865,487    59,757,249     1,500,573         165,199       11,355,687   569,444        4,346        6.7
118,482,912    62,778,047     1,504,809         164,508       12,166,731   578,845        4,349        6.6
97,598,058     58,467,911     1,477,654         141,230       10,900,780   575,435        4,333        6.7
107,677,950    70,899,506     1,581,175         156,179       13,110,486   618,100        4,365        6.8
136,794,736    76,373,319     2,232,154         176,362       14,518,921   795,938        4,329        6.5
125,571,046    77,060,176     1,748,819         206,135       14,350,541   696,918        4,372        6.7
194,154,951    131,094,354    2,300,900         248,024       24,620,235   1,292,712      4,349        7.1
101,385,099    63,633,160     1,495,212         175,414       11,854,797   591,386        4,350        7.2
101,454,890    66,515,940     1,490,505         145,770       12,295,428   589,045        4,362        7.8
145,345,147    113,459,108    1,854,594         193,788       20,669,895   1,067,963      4,385        6.6
105,563,193    62,982,972     1,517,367         176,047       11,784,295   615,048        4,337        6.6
120,606,979    90,287,490     1,767,199         191,877       16,696,525   726,594        4,428        6.8
116,894,663    95,410,751     1,631,776         173,723       17,495,996   706,613        4,432        6.7
93,623,664     56,256,269     1,363,530         148,289       10,519,344   535,034        4,339        6.5
90,859,967     54,576,324     1,306,935         107,904       10,340,496   522,280        4,332        6.5
101,776,640    62,095,646     1,493,557         137,958       11,587,544   577,531        4,340        6.3
102,758,191    67,119,521     1,528,826         139,998       12,468,696   614,766        4,378        6.1
105,907,049    61,958,483     1,562,978         156,839       11,501,187   610,064        4,350        6.6
2,328,544,823  5,613,920,971  5,492,979         1,496,099     332,374,935  2,283,030      1,121        6.3
694,476,842    1,499,087,614  2,761,810         648,729       94,681,839   1,190,925      4,357        7.0
115,952,216    65,800,958     1,707,655         218,332       12,890,320   598,637        4,340        28.2
138,961,665    97,059,032     1,868,980         234,445       18,036,403   721,839        4,340        12.0
101,581,348    62,802,686     1,484,303         162,410       11,877,630   614,880        4,336        6.6
120,327,648    95,385,362     1,662,016         192,657       17,472,480   691,493        4,424        6.6
141,247,749    113,139,756    1,971,263         261,795       21,095,950   792,226        4,458        6.2
133,634,024    86,982,845     1,785,030         221,713       16,027,621   942,583        4,329        6.9
151,845,361    125,051,844    1,891,647         172,803       22,531,247   1,293,486      4,327        6.9
150,750,331    121,380,180    1,958,039         250,171       22,062,217   1,004,429      4,373        7.2
116,120,476    66,267,145     1,533,884         169,730       12,357,998   595,984        4,354        6.6
98,216,869     58,374,115     1,428,999         136,385       10,887,957   557,049        4,334        6.9
101,401,639    61,295,051     1,499,317         152,674       11,507,674   577,185        4,334        7.3
117,608,549    85,260,782     1,635,386         187,028       15,793,579   703,497        4,340        6.6
97,937,876     55,724,955     1,437,412         157,619       10,456,255   553,865        4,325        6.6
137,393,281    81,479,410     2,209,836         150,627       15,421,303   809,511        4,323        6.9
96,987,994     57,273,227     1,436,297         142,085       10,806,106   560,085        4,323        6.5
115,535,784    67,748,496     1,692,451         171,954       12,577,147   676,238        4,347        7.0
374,036,291    521,208,869    3,745,324         1,195,888     134,830,676  1,113,609      2,650        6.4
62,479,183     36,845,583     800,131           110,246       6,584,658    306,654        1,895        6.9
62,091,455     45,633,366     804,909           111,409       8,013,541    300,804        1,044        6.8
88,674,465     52,761,741     1,261,398         129,974       9,788,785    483,092        3,671        6.0
86,172,009     52,628,883     1,181,331         125,197       9,774,622    460,285        2,745        6.1
104,042,340    64,565,940     1,705,535         171,230       11,858,717   553,723        4,333        6.2
174,180,231    175,439,646    1,987,526         289,173       31,744,397   926,232        4,550        6.3
103,203,821    69,454,370     1,460,884         168,903       12,844,552   593,887        4,352        6.6
105,224,257    63,631,382     1,532,210         171,060       11,876,326   627,722        4,325        7.3
63,837,313     33,326,635     667,561           82,822        6,048,752    253,834        1,030        6.5
123,389,965    84,472,006     1,763,109         187,941       15,605,253   710,514        4,333        6.5
102,984,994    57,541,313     1,404,762         139,869       10,770,901   548,344        4,332        6.3
95,426,523     58,967,723     1,391,918         129,566       11,110,123   551,436        4,329        6.8
107,149,405    68,180,237     1,559,250         169,449       12,787,939   634,613        4,334        6.6
147,811,740    103,707,756    1,898,675         200,766       19,198,406   714,232        4,356        6.1
499,646,358    519,883,931    5,247,251         297,784       94,691,584   4,729,987      4,395        6.3
99,959,175     57,973,143     1,460,096         205,140       10,858,447   571,052        4,322        7.1
103,241,780    57,741,155     1,552,202         179,795       11,257,433   555,905        4,349        7.9
114,702,706    80,382,467     1,644,507         184,908       14,868,818   658,327        4,373        6.3
92,030,338     54,584,720     1,343,896         128,167       10,195,607   530,174        4,316        6.2
109,644,604    74,534,370     1,601,482         161,595       13,760,959   647,728        4,318        6.7
111,617,483    74,620,927     1,498,077         157,754       13,773,991   725,225        4,321        6.3
93,484,083     54,585,323     1,360,169         138,614       10,231,197   533,652        4,316        6.6
112,112,548    76,773,601     1,593,864         156,691       14,225,328   646,246        4,356        6.4
102,903,960    61,217,292     1,493,277         158,136       11,503,953   615,522        4,335        6.0
108,114,832    62,137,806     1,599,552         164,816       11,569,197   618,141        4,325        6.8
138,341,890    86,158,376     2,226,893         164,001       16,483,981   846,161        4,318        6.3
104,569,656    60,134,754     1,501,239         157,106       11,222,819   623,096        4,319        6.8
105,971,523    66,783,617     1,514,264         165,252       12,459,760   595,371        4,337        6.7
103,294,669    57,660,062     1,528,049         152,471       10,753,366   584,193        4,318        6.5
95,398,213     55,299,993     1,405,453         126,296       10,342,592   549,549        4,320        6.5
168,849,507    148,113,413    1,961,836         180,135       26,335,820   1,301,804      4,342        6.4
104,252,461    69,907,494     1,482,474         162,929       12,992,727   600,009        4,347        6.3
98,056,107     56,800,995     1,436,947         145,872       10,696,409   558,508        4,330        7.0
95,942,128     55,857,887     1,391,855         127,181       10,447,685   541,733        4,325        6.3
64,902,884     33,044,058     920,755           118,887       6,311,044    256,428        1,015        6.2
90,526,694     53,621,362     1,336,231         124,796       10,001,705   518,187        4,316        6.5
118,079,865    65,252,510     1,561,320         150,789       12,248,449   591,765        4,340        5.9
109,375,843    72,785,000     1,583,801         162,423       13,499,701   639,816        4,367        6.2
114,542,364    76,680,334     1,664,893         175,970       14,196,905   669,731        4,372        7.0
94,724,085     56,563,084     1,365,683         132,397       10,546,472   540,029        4,327        6.8
92,329,013     54,405,033     1,382,146         127,942       10,251,716   540,975        4,320        6.7
108,954,264    74,939,291     1,566,378         153,666       13,912,501   639,405        4,353        6.3
144,866,053    107,263,452    1,934,016         210,792       19,972,884   774,333        4,339        6.4
95,214,739     54,933,163     1,386,884         142,000       10,277,621   545,068        4,317        6.6
142,330,136    112,831,081    1,901,717         206,798       20,598,440   915,701        4,432        6.7
91,365,819     54,092,786     1,329,507         140,352       10,143,691   523,338        4,321        6.3
111,253,656    62,677,799     1,415,579         130,427       11,964,319   548,875        4,328        7.0
341,565,386    359,606,545    3,531,474         210,574       64,175,118   3,342,764      4,331        6.1
101,343,755    51,490,358     1,533,966         204,124       9,699,624    585,256        4,308        6.5
136,654,296    110,581,112    1,767,241         221,370       20,056,583   858,879        4,407        7.6
92,069,565     53,884,040     1,368,703         144,682       10,157,778   537,286        4,319        6.8
97,883,243     60,134,361     1,431,794         136,206       11,278,561   557,925        4,328        6.9
98,053,499     58,019,435     1,404,589         130,113       10,904,039   539,486        4,340        6.4
111,176,926    70,026,196     1,612,090         167,627       13,029,869   663,104        4,324        6.5
156,305,454    105,258,441    2,340,075         165,003       20,416,940   827,205        4,331        6.4
1,777,446,435  2,461,116,462  19,001,513        608,289       504,475,971  7,268,085      4,663        6.8
101,956,302    58,595,871     1,432,789         194,136       11,006,470   555,760        4,314        6.9
101,614,062    58,721,897     1,473,953         160,610       11,002,023   593,066        4,320        24.4
205,536,755    147,598,569    2,465,052         273,588       27,657,652   1,270,637      4,399        6.5
100,095,009    57,844,946     1,481,748         184,854       10,807,203   582,135        4,275        6.6
47,875,371     31,171,006     601,442           77,242        5,559,328    226,875        1,014        8.1
98,414,184     56,957,614     1,456,943         134,956       10,714,642   566,324        4,326        6.7
100,677,901    65,679,984     1,399,671         125,310       12,224,648   566,098        4,323        6.0
121,807,219    83,636,652     1,918,814         213,234       15,257,574   664,143        4,355        6.4
96,191,388     54,596,615     1,392,036         137,221       10,233,341   540,170        4,320        6.2
149,194,501    107,780,581    1,949,702         202,970       20,070,109   1,074,355      4,335        6.7
100,491,511    56,263,354     1,448,120         153,929       10,547,695   562,186        4,329        6.2
108,404,825    59,019,384     1,404,137         134,493       11,210,575   548,321        4,320        6.6
93,425,395     54,522,241     1,364,615         114,338       10,187,838   534,780        4,317        6.4
131,694,108    82,061,947     1,694,447         179,199       15,248,790   809,404        4,338        6.2
96,128,718     63,479,021     1,398,816         143,515       12,010,717   555,671        4,332        9.4
169,423,914    156,436,867    2,102,561         265,416       28,589,918   896,127        4,453        7.1
90,698,032     54,262,652     1,289,814         140,882       10,189,973   514,469        4,172        6.2
93,726,682     65,383,928     1,228,143         139,191       11,896,430   638,958        3,050        6.9
