LLC-loads  LLC-load-misses  LLC-stores  LLC-store-misses  dTLB-loads  dTLB-load-misses  dTLB-stores  dTLB-store-misses  Power
179,679    43,791           64,455      35,780            <not        0                 <not         9,274              5.8
184,877    27,096           166,879     57,439            <not        0                 <not         9,808              5.9
709,281    82,331           239,907     59,956            <not        0                 <not         26,143             6.6
512,648    65,498           163,603     71,983            <not        0                 <not         22,486             6.5
449,310    66,443           249,378     78,343            <not        0                 <not         22,252             6.5
862,543    89,916           172,674     85,260            <not        0                 <not         33,100             6.7
507,357    62,271           206,741     70,184            <not        0                 <not         20,246             6.4
7,196,651  453,314          1,077,486   333,773           <not        0                 <not         60,602             10.8
568,998    86,135           178,137     122,439           <not        0                 <not         19,603             6.5
546,640    65,635           188,497     128,156           <not        0                 <not         26,928             5.9
587,602    78,854           189,806     71,835            <not        0                 <not         24,353             6.5
918,192    92,157           226,217     94,718            <not        0                 <not         25,802             6.4
713,752    94,468           176,610     96,649            <not        0                 <not         22,906             6.7
536,263    105,869          389,719     128,625           <not        0                 <not         26,305             7.4
715,344    137,432          281,713     108,705           <not        0                 <not         19,922             6.8
613,525    107,504          963,569     127,873           <not        0                 <not         21,998             7.3
426,202    70,987           264,518     64,151            <not        0                 <not         13,980             6.4
486,415    50,590           236,964     134,389           <not        0                 <not         29,955             6.5
551,266    61,229           215,213     98,958            <not        0                 <not         21,324             6.4
644,119    60,624           504,108     116,519           <not        0                 <not         29,656             6.6
544,807    107,043          197,221     66,628            <not        0                 <not         14,806             7.2
356,955    53,046           103,936     44,449            <not        0                 <not         11,469             6.1
268,409    41,522           141,816     57,154            <not        0                 <not         10,930             5.9
316,189    42,719           134,044     92,570            <not        0                 <not         17,636             6.4
535,004    50,166           95,161      73,223            <not        0                 <not         20,228             6.4
1,164,434  134,833          435,147     263,080           <not        0                 <not         25,033             7.9
324,420    66,162           230,456     78,455            <not        0                 <not         13,701             6.1
360,286    66,033           342,504     59,688            <not        0                 <not         18,052             6.7
395,550    75,061           96,929      54,989            <not        0                 <not         10,399             6.2
658,847    127,511          202,464     55,558            <not        0                 <not         19,518             6.6
498,160    66,592           228,406     65,128            <not        0                 <not         18,074             6.3
2,463,706  962,990          762,620     82,370            <not        0                 <not         80,883             15.9
4,000,633  1,757,781        1,360,079   118,081           <not        0                 <not         90,187             24.6
928,823    181,759          246,691     85,852            <not        0                 <not         25,688             6.6
648,501    99,474           201,204     85,888            <not        0                 <not         22,867             6.3
483,154    75,566           250,476     88,466            <not        0                 <not         21,280             6.5
448,891    60,979           327,867     80,876            <not        0                 <not         23,789             6.2
512,725    65,198           217,739     73,708            <not        0                 <not         19,001             6.3
501,102    66,648           244,251     73,876            <not        0                 <not         16,932             6.1
443,331    63,928           327,733     133,889           <not        0                 <not         22,062             6.4
369,953    59,604           261,937     51,963            <not        0                 <not         24,861             6.1
449,740    54,444           216,007     91,470            <not        0                 <not         22,479             6.4
561,476    57,631           170,330     64,940            <not        0                 <not         21,740             6.1
491,289    62,424           236,998     65,871            <not        0                 <not         27,294             7.0
819,181    121,140          261,457     78,940            <not        0                 <not         19,822             7.1
690,536    95,612           179,523     83,620            <not        0                 <not         21,412             6.3
858,326    80,352           201,959     111,932           <not        0                 <not         27,803             6.8
544,611    73,614           163,824     108,238           <not        0                 <not         18,429             6.2
508,675    50,456           281,939     100,474           <not        0                 <not         23,348             6.2
866,921    76,340           141,833     74,689            <not        0                 <not         27,425             6.7
595,838    67,861           275,588     117,075           <not        0                 <not         21,252             6.8
470,103    74,814           256,827     64,607            <not        0                 <not         18,735             6.4
531,276    63,585           175,079     106,199           <not        0                 <not         19,457             6.7
496,191    53,023           361,008     182,408           <not        0                 <not         25,794             6.5
424,178    66,510           189,870     101,459           <not        0                 <not         9,610              6.4
661,363    87,971           503,293     355,905           <not        0                 <not         29,637             6.9
455,521    73,539           296,142     106,865           <not        0                 <not         24,572             6.5
464,257    75,787           329,385     74,531            <not        0                 <not         21,038             6.6
522,519    71,789           234,634     87,606            <not        0                 <not         19,326             6.8
523,339    69,734           255,286     59,258            <not        0                 <not         18,706             6.7
537,486    68,091           291,231     106,610           <not        0                 <not         23,374             6.7
487,580    56,870           266,270     114,834           <not        0                 <not         20,460             6.5
504,984    65,659           256,947     158,625           <not        0                 <not         27,352             6.4
794,799    94,213           356,174     119,678           <not        0                 <not         34,135             7.2
515,827    70,937           262,100     106,930           <not        0                 <not         20,824             6.7
605,660    86,943           306,777     97,249            <not        0                 <not         22,082             7.4
426,356    87,524           219,186     117,010           <not        0                 <not         24,085             6.8
479,635    60,407           157,542     61,349            <not        0                 <not         16,368             6.4
507,192    45,823           213,683     109,934           <not        0                 <not         23,567             6.5
518,489    52,212           189,339     62,034            <not        0                 <not         22,562             6.4
502,466    49,834           210,429     96,961            <not        0                 <not         24,391             6.5
504,853    62,335           315,004     77,083            <not        0                 <not         21,191             6.5
645,248    105,653          170,097     59,062            <not        0                 <not         22,254             6.8
845,291    77,759           150,287     83,301            <not        0                 <not         27,419             7.8
625,126    85,335           288,283     99,155            <not        0                 <not         24,623             6.9
568,634    69,274           165,522     69,012            <not        0                 <not         19,025             6.3
458,505    49,309           195,697     68,512            <not        0                 <not         23,779             6.5
582,808    67,331           439,793     140,873           <not        0                 <not         21,047             7.2
620,342    71,104           655,237     107,416           <not        0                 <not         28,783             6.8
500,453    45,833           201,776     133,207           <not        0                 <not         20,122             6.6
194,917    38,203           80,605      24,843            <not        0                 <not         10,163             6.2
550,322    56,952           256,741     67,400            <not        0                 <not         19,069             6.6
387,254    69,126           274,950     59,266            <not        0                 <not         19,455             6.6
700,533    81,798           136,341     46,877            <not        0                 <not         18,650             6.6
975,260    116,314          171,056     62,912            <not        0                 <not         23,316             6.6
497,414    64,391           186,797     47,301            <not        0                 <not         17,514             6.3
585,017    52,319           238,389     228,411           <not        0                 <not         24,922             6.9
541,725    73,641           299,360     102,235           <not        0                 <not         20,088             6.9
452,850    73,482           597,209     120,037           <not        0                 <not         18,702             7.3
740,382    86,202           156,037     71,957            <not        0                 <not         18,652             6.5
420,130    51,655           313,547     97,294            <not        0                 <not         17,644             6.4
2,129,140  138,990          316,033     111,058           <not        0                 <not         31,566             7.8
8,581,392  173,396          784,546     289,767           <not        0                 <not         90,975             14.7
346,809    71,617           321,967     103,413           <not        0                 <not         15,336             6.5
254,520    40,125           168,506     44,896            <not        0                 <not         10,688             6.0
456,312    107,182          666,361     211,183           <not        0                 <not         20,090             7.7
472,661    60,816           269,698     117,319           <not        0                 <not         22,883             6.3
454,010    47,264           250,855     127,647           <not        0                 <not         21,529             6.6
380,662    69,890           272,074     161,185           <not        0                 <not         31,728             6.8
466,789    68,495           338,934     77,291            <not        0                 <not         21,875             6.6
348,466    49,864           326,423     79,144            <not        0                 <not         18,064             6.5
558,765    54,130           269,359     118,838           <not        0                 <not         22,937             7.3
448,734    59,305           265,561     79,515            <not        0                 <not         19,788             6.7
545,917    61,849           163,172     51,552            <not        0                 <not         22,779             6.9
673,325    92,732           256,432     90,385            <not        0                 <not         23,623             7.5
522,406    75,512           209,139     63,531            <not        0                 <not         15,055             6.5
473,406    61,538           237,080     57,884            <not        0                 <not         20,473             6.5
424,773    40,533           242,725     68,920            <not        0                 <not         19,559             6.6
507,289    57,343           322,096     116,617           <not        0                 <not         20,853             6.9
338,402    57,339           255,743     109,065           <not        0                 <not         24,410             6.6
475,038    51,792           255,027     74,610            <not        0                 <not         17,973             7.2
477,314    65,583           320,520     97,230            <not        0                 <not         19,421             7.0
802,414    81,417           290,447     140,339           <not        0                 <not         22,493             6.8
552,288    56,924           219,961     96,321            <not        0                 <not         16,367             6.6
530,329    61,276           202,013     66,406            <not        0                 <not         17,747             6.7
823,091    94,691           217,317     69,021            <not        0                 <not         24,921             7.5
340,405    77,314           296,147     63,866            <not        0                 <not         20,028             6.9
709,333    53,450           222,624     98,882            <not        0                 <not         20,718             6.7
437,437    72,111           337,958     54,614            <not        0                 <not         17,366             6.7
472,124    50,075           247,458     79,202            <not        0                 <not         23,436             6.9
917,951    103,742          255,386     119,079           <not        0                 <not         28,309             7.3
603,113    115,323          290,782     73,305            <not        0                 <not         24,716             7.0
518,709    76,649           211,279     75,505            <not        0                 <not         25,066             6.6
435,530    59,748           279,428     91,642            <not        0                 <not         22,348             7.2
664,189    54,622           177,626     69,510            <not        0                 <not         25,408             6.8
487,681    69,028           317,181     86,834            <not        0                 <not         27,839             6.7
615,141    74,895           219,941     89,071            <not        0                 <not         20,796             6.9
506,306    71,051           348,485     98,390            <not        0                 <not         27,767             6.6
495,555    78,005           245,124     82,773            <not        0                 <not         18,804             6.8
556,075    67,312           197,823     102,632           <not        0                 <not         24,585             6.7
532,896    74,261           206,612     85,911            <not        0                 <not         19,863             6.8
461,492    86,523           455,192     94,645            <not        0                 <not         19,667             6.8
540,793    81,031           277,184     79,192            <not        0                 <not         21,039             8.0
217,268    35,527           57,719      24,176            <not        0                 <not         7,402              6.1
854,544    68,444           205,282     82,457            <not        0                 <not         23,491             6.7
386,723    73,910           224,455     132,781           <not        0                 <not         20,155             6.4
737,349    74,156           381,934     74,846            <not        0                 <not         23,375             6.7
558,047    81,465           397,788     105,506           <not        0                 <not         18,014             7.0
449,793    72,618           246,427     95,461            <not        0                 <not         22,341             6.6
554,960    51,217           176,216     66,022            <not        0                 <not         20,607             6.5
479,896    57,789           249,786     77,516            <not        0                 <not         23,875             6.4
722,471    56,533           142,651     64,850            <not        0                 <not         20,884             6.7
595,435    73,070           148,714     35,671            <not        0                 <not         15,890             6.6
491,504    44,018           185,542     64,209            <not        0                 <not         25,630             6.5
774,875    53,159           118,311     49,950            <not        0                 <not         21,468             6.5
591,663    64,890           238,014     108,259           <not        0                 <not         24,711             6.9
618,795    62,750           132,289     86,766            <not        0                 <not         22,176             6.4
626,771    51,014           169,498     88,746            <not        0                 <not         20,792             6.5
633,185    67,802           193,903     72,434            <not        0                 <not         18,362             6.7
796,165    75,598           203,222     175,908           <not        0                 <not         27,152             7.0
577,071    107,586          311,647     98,920            <not        0                 <not         31,054             7.3
3,514,138  96,484           392,727     230,527           <not        0                 <not         45,888             9.7
545,203    79,071           156,080     84,463            <not        0                 <not         18,961             6.5
493,019    56,022           211,524     85,785            <not        0                 <not         29,123             6.6
375,582    68,067           368,364     75,526            <not        0                 <not         20,689             6.8
482,136    78,237           594,802     118,698           <not        0                 <not         22,159             7.7
560,983    73,591           208,955     66,200            <not        0                 <not         16,765             6.4
509,940    68,747           203,304     99,072            <not        0                 <not         24,569             6.6
514,416    60,467           305,971     106,553           <not        0                 <not         24,921             6.8
201,834    42,804           173,546     92,480            <not        0                 <not         12,777             6.3
447,641    59,416           284,654     80,908            <not        0                 <not         19,927             6.7
500,933    54,535           332,204     310,973           <not        0                 <not         29,814             6.6
380,703    42,075           257,079     90,986            <not        0                 <not         20,574             6.4
454,833    48,382           284,586     97,449            <not        0                 <not         20,654             6.6
420,135    55,993           303,265     114,714           <not        0                 <not         29,238             6.3
587,621    68,946           304,390     53,024            <not        0                 <not         17,162             6.5
314,765    46,403           90,015      42,326            <not        0                 <not         11,713             6.3
1,079,013  87,910           358,602     241,533           <not        0                 <not         24,536             7.5
551,728    72,579           183,709     98,555            <not        0                 <not         24,925             6.6
656,231    65,725           186,451     73,080            <not        0                 <not         22,199             7.0
896,093    78,614           230,968     95,932            <not        0                 <not         17,097             6.2
504,125    72,985           185,488     64,207            <not        0                 <not         17,846             6.6
447,757    41,238           219,305     74,681            <not        0                 <not         17,738             6.3
515,490    63,036           233,868     62,563            <not        0                 <not         21,684             6.6
593,510    53,316           150,932     67,207            <not        0                 <not         22,160             6.5
397,179    71,990           315,619     53,313            <not        0                 <not         16,644             6.7
818,233    68,698           376,907     163,714           <not        0                 <not         25,553             7.0
365,146    76,755           337,047     48,610            <not        0                 <not         19,691             7.1
519,657    62,172           214,190     81,935            <not        0                 <not         19,519             6.3
805,792    96,392           324,681     160,629           <not        0                 <not         23,684             7.2
619,018    76,495           184,210     75,222            <not        0                 <not         19,608             6.2
552,697    70,398           170,177     42,805            <not        0                 <not         14,280             6.3
418,611    56,729           353,927     60,922            <not        0                 <not         16,140             6.4
511,534    56,004           256,760     132,169           <not        0                 <not         27,081             6.7
428,567    44,208           253,420     283,506           <not        0                 <not         21,428             6.5
561,083    64,225           254,196     117,558           <not        0                 <not         22,314             6.6
188,996    40,134           103,757     45,849            <not        0                 <not         9,291              6.4
465,432    70,936           359,151     57,020            <not        0                 <not         20,933             6.7
441,100    64,599           306,674     64,000            <not        0                 <not         17,771             6.6
562,184    52,171           211,861     124,861           <not        0                 <not         42,515             6.4
494,883    62,436           289,861     75,967            <not        0                 <not         20,138             6.6
463,117    48,033           217,262     76,219            <not        0                 <not         26,161             6.6
714,799    74,911           278,655     99,028            <not        0                 <not         21,194             8.0
2,146,644  110,777          633,878     121,246           <not        0                 <not         33,530             8.7
857,394    98,210           514,298     114,400           <not        0                 <not         26,158             7.4
595,615    71,262           155,842     86,461            <not        0                 <not         25,875             6.5
489,551    44,399           210,915     113,242           <not        0                 <not         23,219             6.5
551,350    53,960           650,486     147,595           <not        0                 <not         19,655             6.5
520,160    71,558           304,176     141,795           <not        0                 <not         23,050             6.8
460,311    51,552           267,662     144,893           <not        0                 <not         23,556             6.4
663,771    57,582           151,230     64,435            <not        0                 <not         22,781             7.3
416,147    48,420           266,406     89,559            <not        0                 <not         18,864             6.5
592,680    57,551           236,840     145,708           <not        0                 <not         26,130             6.7
375,564    53,394           483,341     105,931           <not        0                 <not         20,242             6.7
728,035    61,650           130,351     80,923            <not        0                 <not         27,230             6.4
492,705    54,523           217,470     90,167            <not        0                 <not         22,002             6.5
569,006    55,966           185,879     66,559            <not        0                 <not         19,465             6.3
468,458    52,242           295,635     95,990            <not        0                 <not         24,539             6.6
758,369    110,723          205,729     61,931            <not        0                 <not         22,113             6.9
563,532    68,014           150,113     61,882            <not        0                 <not         18,165             6.5
650,270    82,831           174,707     60,273            <not        0                 <not         23,263             6.6
568,791    57,537           181,970     97,366            <not        0                 <not         26,811             6.4
332,030    48,778           55,941      66,109            <not        0                 <not         15,405             6.1
477,099    60,130           228,090     98,057            <not        0                 <not         25,005             6.2
680,629    57,228           145,358     84,895            <not        0                 <not         24,995             6.2
565,026    57,071           209,873     95,813            <not        0                 <not         23,119             6.5
531,808    59,684           188,411     59,895            <not        0                 <not         24,052             6.3
615,349    85,500           284,815     100,502           <not        0                 <not         26,082             6.8
533,214    137,161          293,916     91,505            <not        0                 <not         25,303             6.9
1,077,812  111,065          383,956     134,738           <not        0                 <not         32,112             7.4
595,857    88,755           231,967     119,894           <not        0                 <not         28,241             6.8
649,462    60,288           203,558     99,321            <not        0                 <not         27,157             6.5
578,004    80,716           280,098     61,609            <not        0                 <not         19,942             7.3
475,097    59,361           247,094     92,258            <not        0                 <not         23,329             6.3
558,088    64,083           262,368     121,127           <not        0                 <not         22,147             6.7
556,746    66,565           172,368     62,359            <not        0                 <not         21,057             6.4
522,618    57,017           189,346     65,368            <not        0                 <not         20,638             6.4
543,314    66,018           210,267     114,647           <not        0                 <not         25,139             6.5
305,909    49,512           351,262     60,776            <not        0                 <not         22,686             6.2
623,952    72,077           203,208     87,921            <not        0                 <not         25,744             7.2
442,420    68,471           514,227     91,199            <not        0                 <not         21,888             6.5
365,576    68,567           250,447     55,614            <not        0                 <not         20,214             6.5
528,831    66,676           235,647     113,062           <not        0                 <not         25,365             6.6
723,660    87,391           328,153     79,211            <not        0                 <not         18,137             7.2
400,719    61,975           442,034     69,716            <not        0                 <not         15,127             6.2
563,855    58,751           225,817     91,473            <not        0                 <not         23,017             6.6
752,805    62,510           343,815     119,042           <not        0                 <not         26,808             6.8
985,103    138,926          216,082     95,557            <not        0                 <not         24,589             6.8
205,453    35,337           102,408     44,016            <not        0                 <not         7,960              5.9
582,579    60,414           170,003     70,190            <not        0                 <not         18,505             6.5
544,928    63,546           312,702     95,346            <not        0                 <not         21,230             6.8
574,528    61,911           193,551     86,384            <not        0                 <not         21,333             6.5
497,731    77,629           207,891     48,639            <not        0                 <not         18,275             6.4
723,787    58,823           174,995     157,329           <not        0                 <not         25,419             6.7
393,811    42,265           240,630     104,428           <not        0                 <not         21,714             6.1
632,832    53,642           196,875     85,714            <not        0                 <not         30,725             7.4
522,460    54,919           179,661     86,509            <not        0                 <not         23,746             6.4
578,318    59,371           253,556     71,391            <not        0                 <not         18,066             6.9
600,991    62,261           179,618     90,053            <not        0                 <not         21,787             6.9
457,532    54,459           215,153     64,719            <not        0                 <not         25,058             6.6
566,240    62,442           327,728     171,256           <not        0                 <not         21,877             6.6
859,372    92,920           238,295     187,509           <not        0                 <not         36,494             7.2
509,067    68,606           301,719     216,547           <not        0                 <not         26,028             7.3
904,111    61,794           222,740     79,805            <not        0                 <not         28,920             6.9
460,631    59,320           259,651     57,495            <not        0                 <not         15,642             6.4
519,236    47,248           194,649     86,058            <not        0                 <not         29,132             6.4
773,844    67,273           368,511     165,647           <not        0                 <not         30,074             6.8
1,562,632  720,271          869,904     527,816           <not        0                 <not         21,891             7.2
480,286    81,445           281,937     89,641            <not        0                 <not         22,326             6.4
339,359    52,231           284,330     70,992            <not        0                 <not         20,738             6.4
616,925    47,523           139,153     86,155            <not        0                 <not         24,916             6.5
476,917    60,579           300,006     64,289            <not        0                 <not         25,199             6.5
501,926    78,793           282,160     72,850            <not        0                 <not         16,231             6.6
402,493    56,765           311,664     75,375            <not        0                 <not         20,556             6.2
216,621    33,627           85,435      38,670            <not        0                 <not         8,761              6.1
846,482    83,373           163,809     64,698            <not        0                 <not         19,815             6.6
599,078    75,755           270,419     127,446           <not        0                 <not         28,007             6.7
930,463    145,187          218,128     82,606            <not        0                 <not         28,317             7.1
518,616    84,983           449,248     94,272            <not        0                 <not         21,742             6.3
695,000    76,551           118,155     82,001            <not        0                 <not         21,555             6.1
409,018    115,290          226,591     89,346            <not        0                 <not         15,095             6.6
431,571    69,389           308,721     97,939            <not        0                 <not         22,422             6.3
632,694    78,662           218,030     78,176            <not        0                 <not         25,180             6.4
608,856    69,056           195,329     94,463            <not        0                 <not         20,987             6.3
586,861    50,829           181,515     110,108           <not        0                 <not         27,906             6.3
381,693    50,521           279,197     61,427            <not        0                 <not         22,331             6.2
913,368    99,802           160,610     73,422            <not        0                 <not         19,238             6.6
490,401    50,452           205,630     114,595           <not        0                 <not         21,582             6.4
571,915    79,397           218,639     53,974            <not        0                 <not         16,730             6.5
450,752    58,261           450,985     104,388           <not        0                 <not         17,208             6.5
409,862    52,781           364,834     93,779            <not        0                 <not         22,770             5.9
517,704    61,102           200,471     61,665            <not        0                 <not         18,239             6.3
1,333,975  110,297          393,418     95,168            <not        0                 <not         43,305             8.5
457,957    73,358           282,237     81,786            <not        0                 <not         17,826             6.3
467,831    65,033           258,695     60,639            <not        0                 <not         19,262             6.3
583,774    61,827           168,060     71,889            <not        0                 <not         26,861             6.3
520,325    56,327           194,168     58,362            <not        0                 <not         20,027             6.4
663,185    88,466           303,668     56,604            <not        0                 <not         18,475             6.5
572,537    45,838           152,328     95,396            <not        0                 <not         25,028             6.1
532,405    61,266           208,147     67,228            <not        0                 <not         22,302             6.8
599,174    77,992           241,927     105,141           <not        0                 <not         21,601             7.6
160,473    34,986           277,095     83,164            <not        0                 <not         8,823              6.2
477,960    51,677           199,119     62,392            <not        0                 <not         20,723             6.2
535,418    59,708           163,798     52,838            <not        0                 <not         18,984             6.5
571,254    67,345           204,008     64,869            <not        0                 <not         18,542             6.4
561,459    62,799           241,489     199,964           <not        0                 <not         25,074             6.6
513,222    74,854           265,075     211,559           <not        0                 <not         25,868             6.4
473,034    70,900           232,417     59,640            <not        0                 <not         16,586             6.3
293,017    64,274           241,117     63,581            <not        0                 <not         24,822             6.5
615,194    64,943           197,336     62,071            <not        0                 <not         27,915             6.5
407,852    58,882           297,311     50,055            <not        0                 <not         18,255             6.3
570,184    50,633           186,545     120,586           <not        0                 <not         24,029             6.3
563,170    74,896           217,315     59,777            <not        0                 <not         19,637             6.6
554,257    59,580           164,213     68,762            <not        0                 <not         25,881             6.5
478,000    39,776           225,347     87,639            <not        0                 <not         23,998             6.5
773,630    57,203           128,543     60,635            <not        0                 <not         24,561             6.6
706,953    65,393           276,384     158,775           <not        0                 <not         20,669             6.9
778,926    90,713           165,038     76,243            <not        0                 <not         20,427             7.0
579,177    72,309           200,177     93,918            <not        0                 <not         26,684             6.7
576,574    61,401           330,425     175,950           <not        0                 <not         27,174             6.5
474,694    65,092           205,190     61,021            <not        0                 <not         19,323             6.5
800,854    66,119           357,420     89,995            <not        0                 <not         33,724             7.5
743,830    78,907           190,959     67,702            <not        0                 <not         19,558             7.3
477,486    65,975           283,082     85,725            <not        0                 <not         19,206             6.5
892,999    79,023           448,590     205,736           <not        0                 <not         24,678             7.3
435,136    67,118           252,013     69,341            <not        0                 <not         25,071             6.7
419,539    60,762           378,332     138,710           <not        0                 <not         25,784             6.5
282,275    35,272           88,079      92,357            <not        0                 <not         8,158              6.2
428,685    51,403           279,121     75,778            <not        0                 <not         20,107             6.6
584,794    78,576           283,894     109,645           <not        0                 <not         28,795             6.9
415,235    61,952           278,329     86,891            <not        0                 <not         19,531             6.5
471,800    48,749           210,265     61,399            <not        0                 <not         21,210             6.4
708,174    91,069           423,108     123,969           <not        0                 <not         26,054             7.4
452,039    71,202           392,099     127,809           <not        0                 <not         19,576             6.7
819,334    77,282           142,684     75,508            <not        0                 <not         24,949             7.1
1,503,389  97,262           634,662     291,131           <not        0                 <not         46,210             9.4
405,583    81,533           232,835     79,720            <not        0                 <not         18,274             6.2
464,148    56,129           390,372     119,020           <not        0                 <not         19,106             6.9
506,364    62,339           204,247     62,650            <not        0                 <not         20,823             6.8
469,175    67,393           272,618     93,914            <not        0                 <not         21,080             7.1
541,235    73,792           179,401     62,899            <not        0                 <not         18,962             6.5
394,054    51,736           442,907     65,677            <not        0                 <not         17,003             6.9
528,294    45,566           166,293     84,355            <not        0                 <not         24,321             6.3
625,962    55,762           167,346     83,468            <not        0                 <not         25,586             7.0
711,866    82,811           270,526     101,693           <not        0                 <not         24,035             7.4
320,384    71,176           301,097     86,441            <not        0                 <not         20,923             6.5
395,943    60,245           424,790     99,290            <not        0                 <not         18,943             7.0
472,070    65,213           252,181     59,180            <not        0                 <not         16,727             6.5
889,857    75,047           198,476     82,370            <not        0                 <not         24,489             7.2
484,232    81,299           220,228     73,442            <not        0                 <not         21,060             6.3
652,963    68,616           258,409     136,553           <not        0                 <not         21,594             7.5
717,898    67,578           378,932     69,799            <not        0                 <not         29,413             7.0
590,889    53,742           202,626     92,764            <not        0                 <not         30,968             6.7
349,996    106,211          183,951     52,620            <not        0                 <not         12,598             7.6
508,634    54,602           212,334     87,544            <not        0                 <not         21,680             6.8
744,167    117,218          320,448     69,620            <not        0                 <not         18,646             7.2
494,014    54,945           180,036     76,437            <not        0                 <not         19,592             6.3
420,210    59,323           401,898     50,538            <not        0                 <not         14,972             6.8
544,994    54,767           177,790     55,742            <not        0                 <not         20,856             6.9
540,900    68,862           321,214     96,849            <not        0                 <not         21,385             6.8
442,466    60,489           210,393     79,308            <not        0                 <not         17,366             6.5
454,162    65,064           314,181     66,704            <not        0                 <not         19,195             6.8
562,937    48,825           147,938     95,527            <not        0                 <not         25,530             6.5
447,539    65,278           496,430     74,356            <not        0                 <not         20,726             6.9
654,842    92,368           511,600     117,705           <not        0                 <not         25,135             7.0
449,353    56,889           221,978     110,040           <not        0                 <not         17,246             6.8
558,970    58,408           171,982     58,037            <not        0                 <not         17,216             6.4
489,174    52,619           266,322     87,931            <not        0                 <not         22,454             7.4
642,484    70,269           134,255     59,484            <not        0                 <not         21,865             6.7
510,483    61,398           403,921     125,705           <not        0                 <not         19,523             7.0
6,976,981  121,467          848,911     403,366           <not        0                 <not         93,113             11.2
1,000,512  94,301           393,272     296,053           <not        0                 <not         31,104             7.0
515,758    81,998           287,395     106,614           <not        0                 <not         21,524             [77.00%]
568,803    88,085           471,038     168,550           <not        0                 <not         15,011             7.1
207,364    57,619           174,138     44,015            <not        0                 <not         16,719             6.9
711,197    69,295           363,420     129,081           <not        0                 <not         16,741             6.1
700,782    120,659          449,299     129,884           <not        0                 <not         23,598             6.8
647,328    95,601           148,032     51,782            <not        0                 <not         16,439             7.0
502,396    70,401           374,535     114,497           <not        0                 <not         19,842             6.5
609,012    82,343           249,126     90,227            <not        0                 <not         21,496             6.9
700,569    40,021           135,399     57,967            <not        0                 <not         22,668             6.6
935,699    68,601           125,155     63,979            <not        0                 <not         24,409             6.4
612,591    66,473           161,438     64,955            <not        0                 <not         18,630             7.4
936,050    62,698           104,187     76,899            <not        0                 <not         26,703             6.3
423,073    55,558           233,842     65,902            <not        0                 <not         22,676             6.7
652,452    82,332           329,863     61,317            <not        0                 <not         20,970             6.5
478,008    68,665           221,115     87,640            <not        0                 <not         23,391             7.0
775,908    140,023          684,484     171,325           <not        0                 <not         25,163             6.6
472,881    81,637           347,535     63,584            <not        0                 <not         20,105             7.8
714,306    83,916           372,392     152,481           <not        0                 <not         25,419             6.7
571,909    94,271           182,557     60,874            <not        0                 <not         21,873             8.4
591,500    81,731           213,220     75,712            <not        0                 <not         22,780             6.8
587,792    72,525           168,611     80,789            <not        0                 <not         22,016             6.7
769,457    106,132          268,818     98,403            <not        0                 <not         21,794             6.8
578,133    80,058           210,087     59,865            <not        0                 <not         17,967             6.8
503,626    59,826           211,966     66,978            <not        0                 <not         16,926             6.7
531,292    54,882           198,944     79,073            <not        0                 <not         23,108             6.6
410,625    60,676           330,404     74,597            <not        0                 <not         16,970             6.7
732,841    83,724           291,327     141,975           <not        0                 <not         17,966             6.8
449,925    66,483           408,731     99,501            <not        0                 <not         22,424             7.3
429,679    60,536           303,740     42,817            <not        0                 <not         17,381             6.6
514,833    61,117           206,371     67,712            <not        0                 <not         23,354             6.5
586,668    71,873           310,650     239,198           <not        0                 <not         22,170             6.6
559,014    64,789           188,360     99,390            <not        0                 <not         31,395             7.3
518,702    58,882           234,335     96,956            <not        0                 <not         21,205             6.7
547,307    54,280           231,243     142,049           <not        0                 <not         21,754             6.7
206,400    32,812           90,931      69,380            <not        0                 <not         10,825             6.8
561,322    50,652           204,733     104,207           <not        0                 <not         20,837             6.1
506,149    61,716           248,579     70,711            <not        0                 <not         17,627             6.5
695,561    56,101           364,938     72,633            <not        0                 <not         35,271             6.6
697,583    58,529           140,773     84,316            <not        0                 <not         27,742             7.0
605,668    61,793           230,833     134,538           <not        0                 <not         35,359             6.3
665,074    72,134           172,628     67,038            <not        0                 <not         20,732             7.1
3,146,443  102,446          393,745     323,442           <not        0                 <not         44,011             7.6
530,140    92,076           189,891     64,143            <not        0                 <not         17,522             8.6
474,423    58,304           320,674     87,407            <not        0                 <not         20,569             6.5
461,157    42,551           199,984     77,120            <not        0                 <not         18,167             6.7
488,442    79,755           317,756     278,061           <not        0                 <not         36,571             6.6
488,613    65,256           245,188     83,258            <not        0                 <not         18,287             6.7
607,406    72,266           191,894     69,008            <not        0                 <not         24,602             6.4
557,401    46,528           165,274     134,659           <not        0                 <not         26,967             6.8
539,157    74,472           289,873     117,271           <not        0                 <not         24,029             6.4
673,251    80,121           249,385     117,261           <not        0                 <not         30,912             6.8
518,405    73,613           227,222     47,280            <not        0                 <not         17,126             7.2
521,398    42,426           179,176     87,032            <not        0                 <not         31,864             6.6
581,070    51,853           196,695     103,553           <not        0                 <not         22,408             6.3
634,756    52,370           166,089     119,695           <not        0                 <not         33,936             6.4
670,910    73,819           154,179     63,094            <not        0                 <not         21,915             6.5
467,761    57,300           252,870     68,384            <not        0                 <not         23,378             6.8
506,398    45,663           193,226     116,913           <not        0                 <not         26,414             6.4
448,685    42,104           258,421     68,350            <not        0                 <not         20,815             6.3
576,801    77,374           214,290     66,687            <not        0                 <not         21,434             6.3
206,905    38,525           74,436      29,668            <not        0                 <not         10,485             6.5
381,357    50,064           267,516     46,782            <not        0                 <not         16,926             6.1
497,948    51,339           288,781     90,661            <not        0                 <not         19,711             6.2
572,379    53,496           131,741     76,586            <not        0                 <not         17,361             7.0
546,553    55,448           241,158     89,147            <not        0                 <not         22,529             6.2
603,999    74,009           197,916     77,750            <not        0                 <not         21,005             6.7
9,895,133  128,775          2,614,543   394,765           <not        0                 <not         76,571             6.2
1,667,505  194,962          561,676     280,437           <not        0                 <not         36,101             19.1
468,992    55,800           294,942     138,244           <not        0                 <not         20,441             12.7
520,198    74,012           226,300     73,342            <not        0                 <not         26,022             7.1
473,816    47,473           254,566     110,316           <not        0                 <not         22,400             7.0
463,582    62,869           265,701     80,530            <not        0                 <not         21,363             6.5
521,384    66,346           317,144     91,329            <not        0                 <not         33,120             6.4
585,840    84,480           242,102     81,984            <not        0                 <not         18,250             6.6
511,507    75,588           306,078     86,254            <not        0                 <not         21,837             6.9
455,892    57,629           330,959     138,342           <not        0                 <not         24,793             6.8
428,493    52,545           271,501     69,120            <not        0                 <not         17,645             6.8
300,101    40,448           172,379     46,449            <not        0                 <not         13,509             6.3
288,508    45,788           140,616     39,145            <not        0                 <not         11,088             6.3
459,010    71,385           132,529     45,038            <not        0                 <not         16,411             6.1
444,765    73,040           185,555     57,698            <not        0                 <not         17,735             6.6
544,035    61,056           228,352     96,664            <not        0                 <not         23,626             6.5
717,157    69,251           145,481     63,989            <not        0                 <not         19,123             6.7
448,994    63,417           267,894     60,139            <not        0                 <not         22,846             6.4
590,048    70,245           471,583     236,857           <not        0                 <not         23,718             6.4
378,053    64,303           280,477     120,009           <not        0                 <not         25,043             7.0
531,801    52,267           199,820     103,233           <not        0                 <not         26,375             7.6
231,347    22,821           52,383      51,000            <not        0                 <not         11,155             6.2
459,574    54,125           211,157     65,070            <not        0                 <not         18,291             5.9
592,773    71,490           295,994     89,804            <not        0                 <not         21,768             [17.19%]
864,020    81,986           329,842     144,323           <not        0                 <not         24,833             6.7
615,938    67,066           237,178     116,462           <not        0                 <not         21,548             6.7
836,138    96,781           345,186     136,382           <not        0                 <not         22,067             6.8
500,507    80,603           201,653     91,574            <not        0                 <not         21,986             6.5
470,007    61,522           216,482     59,320            <not        0                 <not         20,122             7.1
770,232    67,134           490,022     564,170           <not        0                 <not         25,785             6.4
755,507    79,786           347,250     132,344           <not        0                 <not         33,859             6.3
446,078    47,003           307,066     108,091           <not        0                 <not         21,198             7.7
581,008    74,134           228,963     67,554            <not        0                 <not         23,892             6.8
841,034    79,496           192,260     109,384           <not        0                 <not         22,786             6.2
587,173    67,864           173,635     78,951            <not        0                 <not         20,149             6.5
539,670    51,230           166,479     51,597            <not        0                 <not         16,884             6.6
619,618    60,484           175,168     66,525            <not        0                 <not         24,954             6.6
372,909    69,829           298,601     182,354           <not        0                 <not         25,840             6.4
521,413    64,386           253,923     102,583           <not        0                 <not         21,151             6.9
797,914    72,634           279,784     106,677           <not        0                 <not         21,546             6.7
755,113    88,925           133,069     84,741            <not        0                 <not         20,049             6.6
576,199    62,020           191,920     88,471            <not        0                 <not         20,508             6.7
488,668    121,006          426,589     55,292            <not        0                 <not         20,835             6.7
439,301    69,522           335,009     128,415           <not        0                 <not         17,522             7.5
471,634    57,638           232,377     56,636            <not        0                 <not         17,886             6.9
543,445    74,157           336,080     109,560           <not        0                 <not         25,737             6.6
341,902    58,511           224,255     94,731            <not        0                 <not         26,904             6.4
211,289    36,877           135,527     58,380            <not        0                 <not         8,229              7.0
550,725    64,279           226,848     66,575            <not        0                 <not         21,551             6.5
574,824    58,643           167,888     60,622            <not        0                 <not         23,121             6.3
613,590    54,625           172,983     67,805            <not        0                 <not         23,163             6.9
553,968    59,182           342,253     190,843           <not        0                 <not         30,788             6.3
440,169    61,799           221,008     57,056            <not        0                 <not         22,638             6.4
498,078    48,477           226,543     95,893            <not        0                 <not         22,398             6.7
776,027    60,807           241,625     120,323           <not        0                 <not         32,865             6.4
397,175    66,603           303,048     91,484            <not        0                 <not         20,099             6.5
440,311    58,803           295,368     62,614            <not        0                 <not         17,070             6.6
391,872    60,692           299,623     95,316            <not        0                 <not         18,653             6.5
474,440    76,787           215,494     49,286            <not        0                 <not         18,571             6.5
789,567    66,383           412,348     155,989           <not        0                 <not         27,409             6.4
589,116    60,495           153,219     64,346            <not        0                 <not         29,950             6.4
418,138    58,297           355,180     60,433            <not        0                 <not         18,462             7.0
519,390    57,009           262,955     108,445           <not        0                 <not         23,648             6.2
439,008    60,902           300,849     59,482            <not        0                 <not         20,109             6.6
410,916    48,443           351,856     235,482           <not        0                 <not         20,659             7.5
498,754    65,890           268,327     109,627           <not        0                 <not         21,633             6.2
670,882    48,524           155,581     111,947           <not        0                 <not         30,953             7.2
456,155    63,943           269,258     83,000            <not        0                 <not         25,464             6.5
403,952    42,533           289,808     90,304            <not        0                 <not         21,035             6.5
499,017    56,464           255,348     72,005            <not        0                 <not         19,684             6.5
499,666    58,230           203,985     213,698           <not        0                 <not         25,953             6.1
597,315    81,665           325,587     138,170           <not        0                 <not         26,825             6.6
505,633    95,442           332,888     58,949            <not        0                 <not         17,251             6.4
198,204    40,295           81,811      33,291            <not        0                 <not         10,689             6.7
560,080    51,131           155,419     44,288            <not        0                 <not         16,248             6.3
556,816    53,065           278,115     211,013           <not        0                 <not         24,880             5.9
503,762    70,876           304,324     81,907            <not        0                 <not         22,164             6.3
502,336    88,791           471,815     80,532            <not        0                 <not         22,993             6.5
560,275    69,445           200,417     85,151            <not        0                 <not         17,941             6.3
470,624    51,102           231,397     76,342            <not        0                 <not         12,343             6.8
742,381    109,352          249,000     96,330            <not        0                 <not         23,484             6.2
468,210    65,947           243,913     82,334            <not        0                 <not         23,987             6.3
429,589    66,180           314,239     59,530            <not        0                 <not         14,622             7.0
608,367    39,800           122,750     206,332           <not        0                 <not         29,921             6.5
494,357    47,022           251,235     64,423            <not        0                 <not         22,346             6.4
388,057    45,607           324,675     67,290            <not        0                 <not         18,760             6.4
429,897    39,079           268,720     172,447           <not        0                 <not         20,403             6.2
478,735    51,505           210,222     57,671            <not        0                 <not         20,182             6.2
715,055    50,264           364,802     98,490            <not        0                 <not         26,165             6.9
425,104    51,442           376,398     66,738            <not        0                 <not         19,153             6.3
2,664,368  98,742           518,198     146,636           <not        0                 <not         32,581             6.4
501,082    91,944           338,820     102,274           <not        0                 <not         18,471             6.5
679,621    63,967           127,955     63,149            <not        0                 <not         19,516             9.0
512,308    54,644           126,340     58,084            <not        0                 <not         14,681             6.4
586,552    60,308           163,944     58,071            <not        0                 <not         14,578             6.1
1,034,604  87,819           750,632     95,471            <not        0                 <not         14,018             6.2
552,701    104,808          253,075     83,181            <not        0                 <not         16,341             6.3
1,196,310  72,869           124,678     58,426            <not        0                 <not         21,785             6.9
678,557    66,383           128,166     48,389            <not        0                 <not         19,725             6.5
496,535    59,552           189,912     63,088            <not        0                 <not         17,404             6.3
342,874    74,625           129,150     37,348            <not        0                 <not         13,838             6.3
657,051    59,838           133,791     47,699            <not        0                 <not         24,500             6.6
476,013    58,262           302,233     68,211            <not        0                 <not         19,798             6.5
782,028    60,610           154,993     100,680           <not        0                 <not         28,962             6.6
438,801    36,005           186,049     124,965           <not        0                 <not         15,989             6.5
433,961    64,724           435,195     93,729            <not        0                 <not         21,822             6.6
587,499    80,682           383,117     144,397           <not        0                 <not         29,915             6.3
527,071    76,887           195,135     57,479            <not        0                 <not         20,093             6.7
3,812,344  93,998           767,437     113,181           <not        0                 <not         40,126             7.0
665,718    106,104          290,912     108,869           <not        0                 <not         24,278             6.4
424,661    75,279           684,381     98,614            <not        0                 <not         25,668             12.2
469,668    63,860           236,739     69,789            <not        0                 <not         16,494             7.1
573,343    59,777           276,547     145,721           <not        0                 <not         20,266             6.5
948,219    82,739           203,988     110,050           <not        0                 <not         29,735             6.5
451,438    62,342           253,046     61,423            <not        0                 <not         20,626             6.4
485,146    45,709           205,890     118,526           <not        0                 <not         26,378             6.6
259,018    67,227           359,575     57,901            <not        0                 <not         16,855             6.3
591,299    65,240           197,638     69,714            <not        0                 <not         22,550             6.1
700,794    58,302           373,010     83,374            <not        0                 <not         27,248             6.3
487,769    58,795           309,027     139,558           <not        0                 <not         22,710             6.8
486,781    50,259           225,348     95,244            <not        0                 <not         21,473             6.6
644,867    68,037           253,975     96,500            <not        0                 <not         21,767             7.1
529,189    54,325           182,929     66,212            <not        0                 <not         22,254             6.5
514,186    58,011           196,104     61,059            <not        0                 <not         20,091             8.1
423,366    51,554           280,516     74,195            <not        0                 <not         20,546             6.4
507,977    57,713           252,606     145,756           <not        0                 <not         22,948             6.6
169,161    28,177           98,012      47,248            <not        0                 <not         7,542              6.4
572,555    57,356           188,902     76,630            <not        0                 <not         21,525             6.6
589,551    54,155           213,711     128,710           <not        0                 <not         32,749             6.1
1,242,479  115,675          481,355     87,386            <not        0                 <not         24,500             6.5
484,166    95,899           309,037     126,187           <not        0                 <not         21,550             6.6
674,078    69,222           144,638     44,809            <not        0                 <not         18,007             7.7
359,593    43,547           210,866     82,201            <not        0                 <not         19,978             6.8
443,788    50,453           219,516     61,983            <not        0                 <not         17,117             6.5
537,908    57,048           177,304     67,922            <not        0                 <not         19,983             6.5
546,012    46,243           159,601     58,665            <not        0                 <not         20,952             6.5
572,637    51,320           173,836     92,305            <not        0                 <not         23,286             6.6
474,423    49,305           227,550     82,340            <not        0                 <not         19,661             6.5
490,125    65,049           451,039     322,393           <not        0                 <not         35,673             6.7
559,100    70,702           224,754     108,846           <not        0                 <not         29,087             6.2
420,651    54,125           267,644     107,298           <not        0                 <not         18,116             7.3
588,224    47,649           173,177     95,448            <not        0                 <not         25,692             6.6
453,594    55,015           244,948     72,654            <not        0                 <not         20,233             6.6
638,649    72,954           356,193     72,110            <not        0                 <not         30,538             6.4
478,456    56,398           234,466     117,553           <not        0                 <not         20,196             6.4
826,673    67,175           231,785     88,937            <not        0                 <not         25,466             7.2
402,948    66,340           395,746     69,490            <not        0                 <not         19,547             6.3
743,130    77,890           470,696     67,382            <not        0                 <not         27,673             6.7
451,649    56,844           275,759     104,196           <not        0                 <not         18,530             6.3
502,568    83,468           316,961     69,464            <not        0                 <not         22,904             7.3
416,430    66,518           381,138     85,404            <not        0                 <not         18,696             6.6
343,607    50,034           292,813     85,808            <not        0                 <not         19,560             6.8
166,398    28,313           205,514     117,610           <not        0                 <not         10,423             7.0
408,953    52,952           627,844     108,479           <not        0                 <not         20,824             6.7
730,563    77,764           228,478     107,664           <not        0                 <not         25,970             6.3
552,888    60,333           232,053     103,101           <not        0                 <not         23,538             7.4
543,182    69,715           260,248     67,700            <not        0                 <not         20,534             7.1
666,048    69,251           167,722     78,517            <not        0                 <not         21,896             7.0
491,006    76,266           242,435     60,915            <not        0                 <not         17,091             6.8
668,715    81,322           188,740     78,153            <not        0                 <not         22,510             7.0
566,852    67,811           205,287     76,914            <not        0                 <not         21,673             6.8
6,390,638  419,277          978,390     342,702           <not        0                 <not         60,135             6.9
499,916    86,435           207,799     211,092           <not        0                 <not         24,464             6.8
432,769    80,539           427,470     67,932            <not        0                 <not         18,623             10.9
465,453    92,977           256,960     48,854            <not        0                 <not         16,252             6.9
515,705    52,217           241,962     115,468           <not        0                 <not         24,341             6.8
1,022,888  118,236          313,979     86,438            <not        0                 <not         22,648             6.8
420,726    72,690           331,510     112,368           <not        0                 <not         18,285             6.7
363,568    70,833           291,536     71,564            <not        0                 <not         14,640             7.1
545,404    54,902           204,967     124,385           <not        0                 <not         22,700             7.2
469,856    65,447           260,576     57,746            <not        0                 <not         17,599             6.8
386,484    52,867           274,359     132,103           <not        0                 <not         21,381             6.6
6.5
6.4
