2.32519108759
1.39030107884
1.28673635218
1.21708807914
1.13681987041
1.16923246996
1.14251194498
1.13381253417
1.11713260352
1.09884309273
1.11275073239
1.06041828987
1.10666331588
1.07122969396
1.06546225813
1.09637694899
1.07994370861
1.07872906474
1.06557727859
1.0617731159
1.06981102998
1.05891168777
1.04672097116
1.0500545301
1.0458366085
1.0547039885
1.03258369434
1.04355109318
1.02336501785
1.02516413128
1.02911621405
1.02965395169
1.01756567706
1.06003895367
1.01654328289
1.0150657681
1.01072299311
1.02574098304
0.982334191766
0.9821381801
1.02240400525
1.02238877738
1.01927553437
0.957269459543
1.01703310876
0.994984957547
0.993673897127
0.9896672931
1.01198910203
1.00590737391
2.01066440182
1.23624880314
1.22378163004
1.20811642485
1.16037079493
1.14700742473
1.13523189547
1.11138141023
1.13206843455
1.10220248353
1.11052701754
1.11083588683
1.08756340834
1.10199131434
1.09257969501
1.08459979842
1.05958858439
1.06828800808
1.05920164817
1.06887139034
1.08515297076
1.06056714112
1.08283743015
1.06481751988
1.05370424584
1.04654756365
1.03802691259
1.04291498429
1.04695087135
1.03147740239
1.03097791163
1.03119641203
1.01013669849
1.05112248243
1.04764807961
1.03205158478
0.997523000979
1.04576488138
1.02521248018
1.04085596465
0.956349636261
1.0243645484
1.01961676493
1.00986140035
1.02825159335
1.00350398582
1.00143192665
1.01510899868
1.00884882806
1.00248601856
2.57709852583
1.49671527353
1.56165461328
1.35423793986
1.25051301607
1.32529553351
1.24390780702
1.18969867868
1.20272695843
1.12865266908
1.20349106559
1.16552631774
1.16545437638
1.16557536864
1.16592853132
1.1564564093
1.13692994206
1.1438596432
1.13868833138
1.09933994982
1.1385849082
1.1135265829
1.15080448247
1.09426569193
1.12900651417
1.07267885011
1.13152855713
1.0965794342
1.10612824036
1.07200957313
1.11858964089
1.06273147474
1.11244079639
1.07517410893
1.08997408904
1.08290124986
1.09996339612
1.08126867574
1.0562817611
1.07810416337
1.01252964419
1.08176041092
1.07758657646
1.06912474133
1.09142260859
1.04537053179
1.04641025156
1.06754754547
1.06145719145
1.06487717003
1.07024610669
1.05743849557
1.050022026
1.06681697737
1.09104929509
1.03689782906
1.05315919273
1.04545271608
1.07858027051
1.05924815884
1.04601247862
1.06439084214
1.01841344217
1.05540579498
1.0646566921
1.03801185567
1.0259692249
1.04122117245
1.05577610503
1.05665113213
1.03591325017
1.047128096
1.02841065435
1.04883664404
1.06130011448
1.06461647399
1.0260339076
1.02828439416
1.04374801533
1.03709084665
1.01763955788
0.988219273804
1.06303063411
1.01708106118
1.05200183268
1.02758482721
1.05502681368
1.0427206148
1.01616786297
1.03291051886
1.04988241779
1.01490174779
1.0275758179
1.02476041254
1.03997835945
1.04359975017
1.02157178024
1.02275822169
1.0189432564
1.03527406494
2.36418313223
1.46708223762
1.36463726151
1.32743249487
1.28926178242
1.25071199924
1.2155008063
1.1837947256
1.17901454204
1.15808099572
1.14775407513
1.13235943425
1.13261398701
1.09041479719
1.1077248622
1.09501222432
1.09039783399
1.07759816651
1.11782792087
1.08554344467
1.06219104931
1.05460577366
1.07066639148
1.0594681728
1.06208387339
1.06031726272
1.03966336137
1.01404134598
1.02121142169
1.03502897742
1.03448366166
1.03818560065
0.960746889289
1.02365689736
1.00336478515
1.03512734197
1.04261242713
1.02657216722
1.01272363264
1.00961402555
1.01090598112
1.0283789986
0.982331941852
1.01895054103
1.01279410677
1.0361189967
1.01354845621
1.00226838184
0.997610934059
1.02801345833
1.02765263784
1.00764422231
1.0111631521
1.01050416968
0.994349302258
0.986021837748
1.01005777289
0.998040459924
1.00207011355
0.998602869985
0.987719813174
0.979173482477
0.995901535649
1.0186981383
1.00665761075
0.981476732229
0.966731780487
0.972014817787
0.980872422212
0.983074842224
0.984942232707
0.980976180329
0.980333486399
0.979890065447
0.977322479211
0.993731036737
0.982287554174
0.989991851414
0.995146312724
0.9836061694
0.996215655224
0.991043151624
0.988276944593
0.990658330848
0.993676402202
0.980361097773
0.989030575744
0.983234233501
0.972672730005
0.974086562221
0.98468522088
0.996354644389
0.983932542932
1.02322163483
0.988226512088
0.977736986308
0.947493360461
1.02760942753
0.990207275053
0.9857823149
2.0025075342
1.3434125173
1.20578389224
1.25016083336
1.24203988469
1.18726690301
1.19282778987
1.13186660667
1.19058025673
1.10034198684
1.12126946918
1.08477217951
1.06037239732
1.12114852538
1.08523880807
1.74551331373
1.33117936562
1.21256034292
1.17014504706
1.17243864401
1.89322361825
1.47064555095
1.36052195977
1.31467570913
2.63401611482
1.58861239341
1.4959393221
1.40895681615
1.3345260303
1.30224840512
1.23623873224
1.228433082
1.22957207202
1.15601480427
1.18657411266
1.17709866644
1.1658024831
1.13184023662
1.11166701676
1.15195054113
1.12190800217
1.14363029219
1.10796890171
1.09346359853
1.12831681453
1.08551977933
1.09839359377
1.09059088102
1.10869746438
1.09495086774
1.08791639313
1.1021148369
1.05854031999
1.07223136247
1.08262412826
1.08544034262
1.07985772688
1.08573571747
1.0869273062
1.05755864984
1.11547196742
1.06268963555
1.03866346787
1.06078143829
1.07023277985
1.05722934511
1.06359832249
1.03539670455
1.04920525027
1.03167641022
1.06071383889
1.04752505202
1.06405077504
1.04634559384
1.05718504415
1.05023486134
1.03517265217
1.02428001466
1.04686396833
1.06405190573
1.05666365696
1.00997073276
1.0213703471
1.04077020752
1.03429477383
1.01546489501
1.01988842594
1.03572951563
1.05467868399
1.04626745052
1.01794385005
1.02806222221
0.993693241827
1.01729408409
1.0455931764
1.0337809503
1.03109229287
1.01746452207
1.01329017305
1.02099308286
1.02353958162
1.02223304784
1.01105266308
1.00437735705
0.993037903949
1.02346160015
1.01242515038
1.00387963584
1.01043175693
1.03533893322
1.00237480585
1.0230269072
1.02401079247
1.03019530819
0.988222142422
0.987320480279
1.00699215629
0.988655679945
1.00408109054
0.987496211968
1.02487433671
1.0107308824
1.02331308054
1.01195210466
1.96728029454
1.37372817911
1.32150043735
1.27505222127
1.23440743132
1.24178532589
1.20030024203
1.181823261
1.15669812831
1.17533152837
1.1960150168
1.16307306411
1.14371945741
1.1410188308
1.13972818635
1.11978706939
1.14067914354
1.07966349095
1.09042093133
1.09689502216
1.10570832418
1.08660836455
1.07937869637
1.03524543864
1.06403992137
1.04038672407
1.07662961871
1.04545020375
1.09300784109
1.0681894585
1.05888091952
1.06441195596
1.05623498768
1.06730802341
1.03508046097
1.06413487525
1.05160146654
1.05286879348
1.05369930424
0.999111362183
1.04687266334
1.01849540338
1.02780745508
1.03862560726
1.03532464688
1.01571786583
1.03017255983
1.02467575865
1.03424262588
1.01747115794
1.02607499613
1.03799672243
1.09540135942
1.0115195276
1.03246179683
1.02490860984
1.0123732357
1.02105973456
1.0691085209
1.02860751185
0.987123287077
1.01662800755
1.01157822059
1.01662099604
1.00349818718
1.01983219761
0.974715074967
1.01669923133
1.0032812584
1.0041865267
0.998577634934
1.0025012213
1.00751134616
1.00164120365
0.993865181213
1.01066526202
1.00458968014
1.01373345016
1.00789877498
0.971011693077
0.988491759941
0.960496218917
1.0143817556
0.975948482521
0.998071067815
0.997938118792
0.986305169972
0.991130650516
0.983379732599
0.988180432027
0.977771719507
0.973239332247
0.98759956665
1.01304118694
0.999131648668
0.984360071716
0.987414457084
0.951336875346
0.9926386322
0.973036530794
2.52672722688
1.65083413326
1.34664102339
1.20005891426
1.17008909037
1.13520566096
1.10127274394
1.14395793087
1.09950176211
1.09352067223
1.09665927187
1.08387908441
1.0825147979
1.06994692688
1.06914884802
1.05662378486
1.0683807129
1.04776127878
1.06610236444
1.04615324764
1.05667976244
1.05150894694
1.03529003997
1.04358097353
1.04023955364
1.03205116092
1.02108248973
1.03575705573
1.04260481576
1.00645741608
1.02703325816
1.03974522383
1.02690455538
1.02237410209
1.02392344188
1.01409379369
1.02585424399
0.996205704524
1.00343107491
0.975305959741
1.01323083253
0.999618691303
0.991947353667
0.993065064271
1.00695049262
1.00046493565
1.00426584262
0.991111576941
0.97413933737
0.995753279553
0.988792253799
0.986924623414
0.966847521194
0.987592543442
0.967621487352
0.978399358954
0.983157841253
0.977599991993
0.966158164895
0.984924496858
0.96249922207
0.948677796181
0.965486968909
0.959333429867
0.969313656187
0.977951554867
0.963839557445
0.979660641883
0.952210044933
0.947990390033
0.960093062982
0.977958986311
0.956622582579
0.948166471402
0.967765035106
0.95470316342
0.94128315874
0.957579162303
0.946106762416
0.961120865089
0.954629088546
0.950893007972
0.950107132753
0.937014567493
0.943742231204
0.948605101512
0.94161138904
0.941550829211
0.942365043487
0.926463645282
0.938683883948
0.950935152455
0.932164959576
0.937001214917
0.940631605987
0.950950066063
0.933369927683
0.926504754771
0.935541884532
0.928929869945
2.50746585837
1.71491036452
1.46494527847
1.41442042547
1.32516530729
1.25778200157
1.19197082742
1.11911121584
1.1218465634
1.10834050363
1.09807362112
1.06412327937
1.08458905524
1.07214112221
1.08918265653
1.05183356657
1.05560710052
1.05526591591
1.05720809676
1.05334766992
1.06045949604
1.0163299482
1.04640610253
1.03558137674
1.04453583352
1.0387283264
1.00396492645
1.02598629876
1.04263032961
1.03656944335
1.01237938992
1.0529266275
1.01615072391
1.04197667324
1.02729611165
1.02211405026
1.01968530409
1.00933769289
1.04533715515
1.03012216302
1.03053565153
1.0041552313
1.01546482955
1.00708531873
1.03432854102
0.993762305828
1.01882457006
1.00614750918
0.988993601004
1.01659059182
0.988423424262
0.992977658179
0.998754238763
1.01022434171
0.994246647112
0.989005205645
1.02622112035
0.95775853211
1.00039223791
0.993757067766
0.97927335975
1.01241721315
1.00935728325
0.996895674567
0.97636317624
0.997786306337
1.0040005993
0.986465629614
0.979243222533
1.00390278405
0.987678804071
0.989958626042
0.96230055283
0.978723768743
0.978432616381
0.974279101954
0.956495861093
0.976806155853
0.935519381592
0.988670545569
0.98730274277
0.988452472781
0.979264600161
0.989056393399
0.989704034779
0.966216389378
0.983024311788
0.964703830684
0.983020088657
0.971354116019
0.969262437297
0.988206317147
0.994965560515
0.973195644592
0.984277789184
0.947636505091
0.977114563916
0.977487519244
0.96444107802
0.970516805652
